# callgrind format
version: 1
creator: callgrind-3.13.0
pid: 3363
cmd:  ./open
part: 1


desc: I1 cache: 
desc: D1 cache: 
desc: LL cache: 

desc: Timerange: Basic block 0 - 58828
desc: Trigger: Program termination

positions: line
events: Ir
summary: 277520


ob=(4) /usr/lib/valgrind/vgpreload_core-amd64-linux.so
fl=(85) ???
fn=(310) 0x0000000000000640
0 17

ob=(2) ???
fl=(18) ???
fn=(306) 0x0000000004a2c520
0 6

fn=(882) 0x0000000004c4f350
0 1
cob=(3) /lib/x86_64-linux-gnu/libc-2.27.so
cfi=(107) /build/glibc-CVJwZb/glibc-2.27/malloc/malloc.c
cfn=(536) malloc
calls=1 3038 
0 219

fn=(352) 0x000000000010c268
0 6

fn=(88) 0x0000000004000f00
0 3
cob=(1) /lib/x86_64-linux-gnu/ld-2.27.so
cfi=(19) /build/glibc-CVJwZb/glibc-2.27/elf/dl-minimal.c
cfn=(90) free
calls=3 111 
0 12

ob=(1)
fl=(25) /build/glibc-CVJwZb/glibc-2.27/elf/dl-hwcaps.c
fn=(68) _dl_important_hwcaps
42 4
+1 1
-1 8
+1 4
-1 1
+1 1
cfi=(9) /build/glibc-CVJwZb/glibc-2.27/elf/dl-tunables.c
cfn=(26) __tunable_get_val
calls=1 373 
* 18
* 1
+3 3
-3 1
+12 6
+1 3
+1 1
-2 1
+2 1
-2 5
+1 3
+1 1
-2 1
+2 1
-2 5
+10 3
fi=(26) /build/glibc-CVJwZb/glibc-2.27/elf/../sysdeps/unix/sysv/linux/not-errno.h
-37 4
fe=(25)
131 4
-2 1
+17 6
+3 2
329 9
69 3
+77 1
+20 1
-19 1
+36 10
+1 3
-1 2
+1 3
fi=(27) /build/glibc-CVJwZb/glibc-2.27/elf/../sysdeps/x86/dl-hwcap.h
57 6
fe=(25)
186 1
+1 1
cfi=(13) /build/glibc-CVJwZb/glibc-2.27/string/../sysdeps/x86_64/multiarch/../strlen.S
cfn=(28) strlen
calls=1 79 
* 16
+1 1
-1 1
+1 3
-5 1
+5 1
-5 1
+5 2
-5 5
+8 3
+2 1
+1 6
+4 1
+4 1
-3 1
-1 1
+4 2
+3 4
+4 3
+1 1
-1 5
+1 3
+2 3
+2 2
-1 1
+1 1
-1 1
+2 2
+7 2
+6 11
+1 4
cfi=(19)
cfn=(46) malloc
calls=1 50 
* 18
* 1
+1 1
-1 1
+1 3
+29 10
+3 6
+17 1
-10 1
+10 11
-4 2
-3 1
+3 1
cfi=(20) /build/glibc-CVJwZb/glibc-2.27/string/../sysdeps/x86_64/multiarch/memmove-vec-unaligned-erms.S
cfn=(74) mempcpy
calls=1 116 
* 16
* 2
-3 1
+3 1
cfi=(20)
cfn=(74)
calls=1 116 
* 16
* 6
+3 7
+1 12
+1 4
cfi=(20)
cfn=(74)
calls=1 116 
* 14
-2 1
+2 2
-2 1
+5 6
cfi=(20)
cfn=(74)
calls=2 116 
* 28
+2 2
-2 4
+2 5
-7 4
+12 1
+1 2
-1 9
+1 14
-1 18
+5 10
+4 3
-4 12
+4 33
+1 12
-1 12
+1 24
-2 12
+1 24
-1 39
+4 6
+5 1
-2 1
+2 1
-1 1
-1 2
+2 1
-1 1
+1 4
+2 6
+1 2
+3 2
-6 5
+13 8
+1 1
-1 2
+3 2
-3 3
+1 3
-1 6
+3 6
+3 3
+2 2
-15 2
-6 3
-42 2

fl=(8) /build/glibc-CVJwZb/glibc-2.27/elf/../sysdeps/x86/cpu-features.c
fn=(24) get_common_indeces.constprop.1
48 2
+4 4
+3 3
+4 1
-4 1
+4 1
-4 1
+3 1
+1 2
+1 4
+1 4
+1 3
+1 2
+7 2
+1 7
+7 3
+4 2
+2 4
+40 2
+4 4
+1 2
+3 1
+7 1
-8 1
+4 1
+2 1
-2 1
+4 2
+3 2
+50 3
88 2
+3 3
+3 1
-3 1
+3 1
+2 3
+2 2
+7 3
-5 3

fl=(52) /build/glibc-CVJwZb/glibc-2.27/elf/dl-sort-maps.c
fn=(166) _dl_sort_maps
28 8
+2 1
-2 1
+2 1
+92 5
-88 5
+1 2
-1 1
-1 1
+1 4
+1 1
cfi=(28) /build/glibc-CVJwZb/glibc-2.27/string/../sysdeps/x86_64/multiarch/memset-vec-unaligned-erms.S
cfn=(76) memset
calls=1 +74 
* 15
* 16
+4 2
+3 1
-3 2
+1 3
+2 1
-7 2
+4 4
+3 2
-3 4
+1 6
+2 2
+12 18
+2 6
+1 4
-1 3
+1 3
+2 9
+1 6
+58 12
cfi=(28)
cfn=(76)
calls=2 -9 
* 32
* 8
-28 12
-36 6
+61 15
+7 8

fl=(29) /build/glibc-CVJwZb/glibc-2.27/string/../sysdeps/x86_64/multiarch/../strchr.S
fn=(84) index
24 6
+1 6
+1 6
+1 6
+1 6
+1 6
+1 6
+1 6
+1 6
+1 6
+1 6
+1 6
+1 6
+1 6
+1 6
+1 6
+1 6
+1 4
+4 4
+1 4
+1 4
+1 4
+2 4
+4 2
+1 2
+1 2
+1 2
+1 2
+1 2
+1 2
+1 2
+1 2
+1 2
+1 2
+1 2
+1 2
+1 2
+1 2
+1 2
+1 2
+1 2
+1 2
+1 2
+1 2
+1 2
+1 2
+1 2
+52 2
+4 2
+1 2
+1 2
+1 2
+2 2

fl=(21) /build/glibc-CVJwZb/glibc-2.27/string/../sysdeps/x86_64/strcmp.S
fn=(56) strcmp
144 700
+1 700
+2 700
+1 700
+21 700
+1 700
+1 662
+1 662
+1 637
+1 637
+1 637
+1 637
+21 637
+1 637
+1 637
+1 637
+1 637
+1 637
+1 637
+5 8
+1 8
+9 8
+1 8
+1 8
+1 8
+1 8
+1 8
+1 8
+1 8
-7 63
+1 63
+1 63
+1 63
+1 63
+1 63
+1 63
+1 63
+1 63
+1 39
+1 39
+1 39
+2 39
+1 39
+1 39
+1 39
+1 39
+1 39
-5 24
+1 24
+1 24
+1 24
+1 24
+1 24
+10 8
+1 8
+1 8
+2 8
+6 8
+1 8
+1 8
+1 8
+1 8
+5 8
+2 3
+1 3
+1 6
+8 3
+1 3
+3 3
+1 3
+1 3
+1 3
+1 3
+1 3
447 1
+1 1
+1 1
+1 1
+1 1
+2 1
+1 1
+1 1
+1 1
+1 1
+1 1
+1 1
+1 1
+3 1
+1 1
+1 1
+6 1
+1 1
+1 2
+4 1
+1 1
+3 1
+1 1
+1 1
+3 1
+1 1
+1 1
+6 1
+1 1
+1 1
+1 1
+1 1
+1 1
+72 2
+1 2
+1 2
+1 2
+1 2
+2 2
+1 2
+1 2
+1 2
+1 2
+1 2
+1 2
+1 2
+4 2
+1 2
+1 2
+6 2
+1 2
+1 4
+4 2
+1 2
+3 2
+1 2
+1 2
+3 2
+1 2
+1 2
+6 2
+1 2
+1 2
+1 2
+1 2
+1 2
+72 1
+1 1
+1 1
+1 1
+1 1
+2 1
+1 1
+1 1
+1 1
+1 1
+1 1
+1 1
+1 1
+4 1
+1 1
+1 1
+6 1
+1 1
+1 2
+4 1
+1 1
+3 1
+1 1
+1 1
+3 1
+1 1
+1 1
+6 1
+1 1
+1 1
+1 1
+1 1
+1 1
+72 2
+1 2
+1 2
+1 2
+1 2
+2 2
+1 2
+1 2
+1 2
+1 2
+1 2
+1 2
+1 2
+4 2
+1 2
+1 2
+6 2
+1 2
+1 4
+4 2
+1 2
+3 2
+1 2
+1 2
+3 2
+1 2
+1 2
+6 2
+1 2
+1 2
+1 2
+1 2
+1 2
+72 4
+1 4
+1 4
+1 4
+1 4
+2 4
+1 4
+1 4
+1 4
+1 4
+1 4
+1 4
+1 4
+4 4
+1 4
+1 4
+6 4
+1 4
+1 8
+4 4
+1 4
+3 4
+1 4
+1 4
+3 4
+1 4
+1 4
+6 4
+1 4
+1 4
+1 4
+1 4
+1 4
+72 2
+1 2
+1 2
+1 2
+1 2
+2 2
+1 2
+1 2
+1 2
+1 2
+1 2
+1 2
+1 2
+4 2
+1 2
+1 2
+6 2
+1 2
+1 4
+4 2
+1 2
+3 2
+1 2
+1 2
+3 2
+1 2
+1 2
+6 2
+1 2
+1 2
+1 2
+1 2
+1 2
+72 6
+1 6
+1 6
+1 6
+1 6
+2 6
+1 6
+1 6
+1 6
+1 6
+1 6
+1 6
+1 3
+4 3
+1 3
+1 3
+6 3
+1 3
+1 6
+4 3
+1 3
+3 3
+1 3
+1 3
+3 3
+1 3
+1 3
+6 3
+1 3
+1 3
+1 3
+1 3
+1 3
+72 7
+1 7
+1 7
+1 7
+1 7
+2 7
+1 7
+1 7
+1 7
+1 7
+1 7
+1 7
+1 2
+4 2
+1 2
+1 2
+6 2
+1 2
+1 4
+4 2
+1 2
+3 2
+1 2
+1 2
+3 2
+1 2
+1 2
+6 2
+1 2
+1 2
+1 2
+1 2
+1 2
+72 8
+1 8
+1 8
+1 8
+1 8
+2 8
+1 8
+1 8
+1 8
+1 8
+1 8
+1 8
+1 5
+4 5
+1 5
+1 5
+6 5
+1 5
+1 10
+4 5
+1 5
+3 5
+1 5
+1 5
+3 5
+1 5
+1 5
+6 5
+1 5
+1 5
+1 5
+1 5
+1 5
+72 4
+1 4
+1 4
+1 4
+1 4
+2 4
+1 4
+1 4
+1 4
+1 4
+1 4
+1 4
+1 2
+4 2
+1 2
+1 2
+6 2
+1 2
+1 4
+4 2
+1 2
+3 2
+1 2
+1 2
+3 2
+1 2
+1 2
+6 2
+1 2
+1 2
+1 2
+1 2
+1 2
+72 4
+1 4
+1 4
+1 4
+1 4
+2 4
+1 4
+1 4
+1 4
+1 4
+1 4
+1 4
+1 2
+4 2
+1 2
+1 2
+6 2
+1 2
+1 4
+4 2
+1 2
+3 2
+1 2
+1 2
+3 2
+1 2
+1 2
+6 2
+1 2
+1 2
+1 2
+1 2
+1 2
+72 5
+1 5
+1 5
+1 5
+1 5
+2 5
+1 5
+1 5
+1 5
+1 5
+1 5
+1 5
+1 4
+4 4
+1 4
+1 4
+6 4
+1 4
+1 8
+4 4
+1 4
+3 4
+1 4
+1 4
+3 4
+1 4
+1 4
+6 4
+1 4
+1 4
+1 4
+1 4
+1 4
+7 1
+1 1
+2 1
+1 1
+2 1
+1 1
+1 1
+3 1
+1 1
+1 1
+6 1
+1 1
+1 1
+1 1
+1 1
+1 1
+41 8
+1 8
+1 8
+1 8
+1 8
+2 8
+1 8
+1 8
+1 8
+1 8
+1 8
+1 8
+1 3
+4 3
+1 3
+1 3
+6 3
+1 3
+1 6
+4 3
+1 3
+3 3
+1 3
+1 3
+3 3
+1 3
+1 3
+6 3
+1 3
+1 3
+1 3
+1 3
+1 3
+72 9
+1 9
+1 9
+1 9
+1 9
+2 9
+1 9
+1 9
+1 9
+1 9
+1 9
+1 9
+2 6
+4 6
+1 6
+1 6
+6 6
+1 6
+2 12
+4 6
+1 6
+3 6
+1 6
+1 6
+3 6
+1 6
+1 6
+6 6
+1 6
+1 6
+1 6
+1 6
+1 6
+74 42
+2 42
+1 42
+1 42
+1 42
-3 29
+1 29
+1 29
+1 29
+1 117
+5 39
+6 39
+1 39
+8 39
+1 39
-16 661
+6 661
+1 661
+8 661
+1 661

fl=(36) /build/glibc-CVJwZb/glibc-2.27/elf/dl-misc.c
fn=(158) _dl_sysdep_read_whole_file
44 2
+3 1
-3 3
+3 1
-3 3
+3 1
cfi=(37) /build/glibc-CVJwZb/glibc-2.27/io/../sysdeps/unix/sysv/linux/wordsize-64/lxstat.c
cfn=(120) open
calls=1 -8 
* 16
+1 2
+2 5
cfi=(41) /build/glibc-CVJwZb/glibc-2.27/io/../sysdeps/unix/sysv/linux/wordsize-64/fxstat.c
cfn=(130) _fxstat
calls=1 -16 
* 10
* 2
+2 1
+3 1
-3 1
+3 1
+13 2
cfi=(46) /build/glibc-CVJwZb/glibc-2.27/io/../sysdeps/unix/sysv/linux/close.c
cfn=(142) close
calls=1 -41 
* 5
+3 7
-14 6
cfi=(42) /build/glibc-CVJwZb/glibc-2.27/misc/../sysdeps/unix/sysv/linux/mmap64.c
cfn=(132) mmap
calls=1 -6 
* 35
* 2

fn=(116) _dl_name_match_p
282 1035
+1 414
cfi=(21)
cfn=(56)
calls=207 144 
* 5022
* 207
+1 207
-1 207
+3 207
+2 414
+6 204
+1 1020
-3 208
-4 416
+1 633
cfi=(21)
cfn=(56)
calls=211 144 
* 5196
* 422
+6 3
-11 3
+11 12

fl=(48) /build/glibc-CVJwZb/glibc-2.27/elf/dl-deps.c
fn=(150) openaux
60 4
+7 2
-4 6
+1 2
-1 2
+1 2
-1 10
cfi=(24) /build/glibc-CVJwZb/glibc-2.27/elf/dl-load.c
cfn=(114) _dl_map_object
calls=2 2151 
* 5350
* 2
+5 4

fn=(146) _dl_map_object_deps
159 1
-1 1
+1 1
-1 4
+1 1
-1 2
+1 1
-1 2
+1 1
-1 2
+1 1
-8 1
+8 2
-14 1
+6 3
+24 1
-16 1
-16 1
+1 1
+1 1
+6 1
+24 2
-28 2
-2 1
+31 1
-33 3
+2 2
-1 1
+1 2
+6 3
+24 1
-24 1
+24 6
+4 1
+19 1
+2 2
-14 1
-1 1
+13 1
304 4
-91 1
-4 1
+4 5
-4 3
+4 6
+12 8
+2 2
+11 2
-5 2
-6 4
+5 2
+2 4
+1 4
+3 8
-32 2
+32 2
+66 6
-55 6
-2 2
+2 2
cfi=(34) /build/glibc-CVJwZb/glibc-2.27/elf/dl-error-skeleton.c
cfn=(108) _dl_catch_exception
calls=2 -74 
* 5486
* 2
+1 4
+9 2
+2 4
+5 2
+6 2
+2 2
-8 4
+3 2
+1 2
+1 2
+1 2
+4 10
+4 4
+1 4
-43 204
+1 102
+6 8
cfi=(24)
cfn=(148) _dl_dst_count
calls=2 -15 
* 112
* 10
434 8
+2 6
+3 4
-1 2
cfi=(19)
cfn=(46)
calls=2 50 
* 36
* 2
+2 2
-2 2
+2 2
+4 8
-1 2
+1 2
cfi=(20)
cfn=(48) memcpy
calls=2 129 
* 20
+1 12
cfi=(20)
cfn=(48)
calls=2 129 
* 20
+4 2
-1 2
+5 22
283 147
460 6
+4 5
+11 4
-1 1
cfi=(19)
cfn=(46)
calls=1 50 
* 18
* 1
+3 1
-3 1
+3 2
+5 7
+1 1
+2 5
+6 2
+4 3
-10 6
+6 6
+4 9
-10 9
+13 2
+51 3
+2 1
-1 1
+1 2
+35 7
cfi=(20)
cfn=(48)
calls=1 129 
* 10
+4 5
cfi=(52)
cfn=(166)
calls=1 28 
* 232
+3 1
+2 1
+1 1
+1 1
-2 1
+2 2
+7 3
+3 2
+3 8
225 8
-19 4
461 2
214 25
+2 2
+2 8
+2 26
456 9
-1 4
+1 9
199 2
573 6

fl=(19)
fn=(90)
111 12

fn=(42) calloc
92 8
+8 8
-1 16
-3 8
+4 16
+3 8
cfn=(46)
calls=8 -53 
* 210
* 8

fn=(46)
50 87
+11 42
+3 21
-3 21
+3 42
-3 2
+3 1
-3 1
+3 86
-15 3
+20 4
+1 2
+2 1
+1 8
cfi=(42)
cfn=(132)
calls=1 -22 
* 35
+2 2
+2 3
+2 1
+3 1
-3 2
+4 1
+2 5
-2 21
-1 21
+3 42
-29 1
-1 1
+1 1
+1 2
-2 2

fn=(80) strsep
265 4
+2 2
+1 4
+4 33
+7 84
-2 56
+13 1
+4 2
-7 14
-15 44

fl=(23) /build/glibc-CVJwZb/glibc-2.27/posix/../sysdeps/unix/syscall-template.S
fn=(64) uname
78 4
+1 1

fl=(112) /build/glibc-CVJwZb/glibc-2.27/elf/../elf/dl-runtime.c
fn=(552) _dl_fixup
66 4
+6 4
-6 2
+3 4
+3 6
-4 2
+5 2
+2 2
-2 10
+2 2
-2 2
+2 2
+5 4
+4 4
+4 2
+7 2
-7 4
+4 4
+1 8
+2 8
+7 4
-1 2
+1 2
+10 18
cfi=(6) /build/glibc-CVJwZb/glibc-2.27/elf/dl-lookup.c
cfn=(190) _dl_lookup_symbol_x
calls=2 790 
* 1884
* 2
+4 10
+10 14
+16 2
-8 2
+8 6
+4 6
fi=(5) /build/glibc-CVJwZb/glibc-2.27/elf/../sysdeps/x86_64/dl-machine.h
+96 2
fe=(112)
-92 6

fl=(6)
fn=(10) _dl_setup_hash
939 12
+4 4
+4 8
+2 4
-1 4
+3 12
+1 4
+1 4
+3 4
-3 4
+7 4
-4 4
-1 4
+3 4
+2 4
-7 4
+7 4
+1 4

fn=(190)
790 1750
555 175
790 700
555 525
-1 350
+2 175
-1 175
+1 525
-1 525
+1 1759
-1 1759
+1 5277
-1 5452
793 175
-1 175
+4 175
+4 175
-8 175
+1 175
+7 682
+5 525
+6 525
-7 1925
+15 32
-8 48
+2 2275
cfn=(192) do_lookup_x
calls=175 338 
* 74241
+3 859
+25 350
+24 1169
+31 167
+9 668
+14 501
+3 668
+5 167
+2 1591
-86 48
+17 8
+1 16
+59 2

fn=(192)
338 1225
+1 175
-1 1050
+6 350
+12 175
+30 175
-41 175
+41 175
+35 350
-65 875
+14 1611
+8 1074
+1 1611
+3 537
+1 1074
+4 1074
+3 1074
-5 537
+5 1611
+3 3759
-99 370
540 2756
+1 579
cfi=(36)
cfn=(116)
calls=193 282 
* 14475
* 772
+3 1113
349 1076
+3 1076
+4 1082
+4 1074
+4 1074
fi=(55) /build/glibc-CVJwZb/glibc-2.27/elf/../sysdeps/generic/ldsodefs.h
102 501
fe=(6)
503 334
+3 1132
-60 36
+64 153
+12 1002
+2 167
+24 1400
-1 16
397 570
-1 380
+2 380
+2 185
90 555
375 185
90 185
374 185
90 185
400 370
90 370
413 606
-10 1845
+2 668
+2 334
-1 501
78 1169
+12 835
+3 854
cfi=(21)
cfn=(56)
calls=104 +51 
* 4711
* 312
+5 167
-1 167
+1 167
+2 332
+19 166
+1 1494
452 1670
148 2
+2 5
+30 126
-59 830
cfi=(21)
cfn=(56)
calls=166 +23 
* 4025
* 830

fl=(1) ???
fn=(0) 0x0000000000001090
0 2
cfi=(2) /build/glibc-CVJwZb/glibc-2.27/elf/rtld.c
cfn=(2) _dl_start
calls=1 444 
0 175693
0 14
cfi=(84) /build/glibc-CVJwZb/glibc-2.27/elf/dl-init.c
cfn=(304) _dl_init
calls=1 79 
0 2197
0 3
cob=(5) /bin/dash
cfi=(95) ???
cfn=(342) 0x0000000000004a20
calls=1 0 
0 99611

fl=(12) /build/glibc-CVJwZb/glibc-2.27/elf/../sysdeps/unix/sysv/linux/x86_64/brk.c
fn=(22) brk
31 7
+8 1
-6 2
+7 1

fl=(42)
fn=(132)
51 14
+3 7
-6 84
+6 7
+5 70
+2 49
-7 12

fl=(84)
fn=(304)
79 11
+5 1
-4 1
+1 1
+3 2
+8 2
+25 2
+1 12
+1 12
-89 12
+9 3
-3 6
+3 9
+5 6
+5 2
+9 6
cob=(3)
cfi=(86) /build/glibc-CVJwZb/glibc-2.27/csu/../csu/init-first.c
cfn=(316) _init
calls=1 -6 
* 207
* 1
+4 2
+6 2
+2 2
-2 1
+3 1
-1 1
+1 5
+1 4
cob=(3)
cfi=(92) /build/glibc-CVJwZb/glibc-2.27/libio/vtables.c
cfn=(330) check_stdfiles_vtables
calls=1 +12 
* 11
* 4
cob=(3)
cfi=(93) /build/glibc-CVJwZb/glibc-2.27/string/../sysdeps/x86/cacheinfo.c
cfn=(332) init_cacheinfo
calls=1 488 
* 1773
* 2
-1 4
+47 3
+7 8
-80 3
-5 3
-10 3
+57 2
-48 1
-3 2
+3 3
+5 3
+5 2
+9 7
cob=(2)
cfi=(18)
cfn=(306)
calls=1 -58 
* 6
* 1
+3 1
+1 2
+6 1
+2 2
-2 2
+3 8
+1 4
cob=(4)
cfi=(85)
cfn=(310)
calls=1 -72 
* 17
-1 5

fl=(53) /build/glibc-CVJwZb/glibc-2.27/elf/dl-version.c
fn=(172) _dl_check_all_versions
362 5
+2 1
-2 3
+4 3
+2 24
cfn=(174) _dl_check_map_versions
calls=4 156 
* 3221
-2 4
+2 16
-2 8
+5 7

fn=(174)
156 28
+15 12
+2 20
+2 4
+1 4
+2 4
-3 4
+1 4
+2 4
+3 6
-16 2
-8 4
+28 2
-4 2
+4 4
+16 2
37 4
201 2
37 10
+1 5
-1 10
+2 21
cfi=(36)
cfn=(116)
calls=7 282 
* 608
* 14
209 6
+5 2
-71 6
+71 4
-71 6
+79 2
-2 2
-2 4
+4 2
-4 14
+4 6
-2 6
-2 12
+4 6
-4 72
57 18
+8 18
-8 6
+8 6
+6 24
+16 8
+1 16
+2 8
+5 48
+14 124
+12 162
+4 54
-30 108
225 32
+3 24
+5 6
-11 6
111 8
+3 32
cfi=(21)
cfn=(56)
calls=8 +30 
* 286
* 36
237 8
+14 6
+3 8
+3 12
+3 8
+4 2
-7 8
+3 6
+4 30
-7 120
+3 92
+8 9
+89 36
-83 12
cfi=(19)
cfn=(42)
calls=3 92 
* 81
* 3
+1 3
-2 3
+2 3
+13 3
+2 3
-5 3
+3 3
+2 3
-2 3
+2 3
+3 8
+4 6
+18 6
-15 18
+2 18
-2 6
+2 6
+2 8
+1 8
-1 16
+1 8
-1 8
+1 8
+1 8
-2 8
+2 16
+1 24
+3 24
+8 6
+10 9
+3 8
+4 32
+6 32
+1 32
+1 32
-1 96
+1 32
-1 32
+1 32
+1 32
+3 96
+4 32
-14 68
+10 6
-96 2
-86 2
-8 2
+94 3

fl=(13)
fn=(28)
79 14
+1 14
+1 14
+1 14
+1 14
+1 14
+1 14
+2 14
+2 14
+31 14
+1 14
+1 14
+1 14
+1 14
+1 8
+2 8
+4 6
+1 6
+1 6
+1 6
+1 6
+1 6
+1 6
+1 6
+1 6
+1 6
+1 6
+1 6
+5 48

fl=(111) /build/glibc-CVJwZb/glibc-2.27/elf/../sysdeps/x86_64/dl-trampoline.h
fn=(550) _dl_runtime_resolve_xsave
71 2
+3 2
+2 2
+10 2
+6 2
+1 2
+1 2
+1 2
+1 2
+1 2
+1 2
+4 2
+1 2
+3 2
+1 2
+2 2
+1 2
+1 2
+1 2
+1 2
+1 2
+2 2
+7 2
+1 2
+1 2
cfi=(112)
cfn=(552)
calls=2 -59 
* 2038
+1 2
+5 2
+1 2
+1 2
+2 2
+1 2
+1 2
+1 2
+1 2
+1 2
+1 2
+2 2
+2 2
+4 2
+3 2

fl=(14) /build/glibc-CVJwZb/glibc-2.27/elf/../misc/sbrk.c
fn=(30) sbrk
32 4
+8 6
+4 2
+16 5

fl=(9)
fn=(16) __GI___tunables_init
289 8
-9 3
150 4
-82 101
+6 32
-3 32
+3 2610
+4 64
+5 32
297 32
83 32
297 32
fi=(10) /build/glibc-CVJwZb/glibc-2.27/elf/dl-tunables.h
121 64
-1 15
+1 6
-1 8
+1 32
-1 40
fe=(9)
330 128
-12 3520
fi=(10)
120 1152
+1 1203
-1 66
fe=(9)
312 2848
68 64
364 8

fn=(26)
373 102
+4 17
-4 66
+9 3
+1 3
-6 14
+22 85
+2 17

fl=(33) /build/glibc-CVJwZb/glibc-2.27/string/../sysdeps/x86_64/strcspn.S
fn=(100) strcspn
30 1
+7 1
+1 1
+2 1
+1 1
+1 1
+1 1
+1 33
+3 2
+7 1
+1 1
+1 1
+1 1
+2 1
+1 1
+1 1
+1 1
+2 1
+1 1
+1 1
+9 3
+12 1
+2 1
+1 1
+1 1
-4 11
+2 11
+1 11
+1 11
+2 12
+1 12
+1 12
+2 12
+1 12
+1 12
+2 12
+1 12
+1 12
+2 1
+1 1
+1 1
+2 1
+7 1
+4 1

fl=(37)
fn=(120)
39 11
fi=(38) /build/glibc-CVJwZb/glibc-2.27/io/../sysdeps/unix/sysv/linux/open64.c
-3 11
+3 66
+8 77
+2 3
-2 24
+2 8
fe=(37)

fl=(39) /build/glibc-CVJwZb/glibc-2.27/io/../sysdeps/unix/sysv/linux/read.c
fn=(124) read
27 8
+1 2

fl=(2)
fn=(112) map_doit
588 1
+2 1
-2 1
+3 2
-1 3
+1 3
cfi=(24)
cfn=(114)
calls=1 2151 
* 2138
* 1
+2 2

fn=(170) version_check_doit
621 2
+2 4
cfi=(53)
cfn=(172)
calls=1 362 
* 3292
* 2
+4 2

fn=(52) rtld_lock_default_lock_recursive
784 4
+1 4

fn=(54) rtld_lock_default_unlock_recursive
790 4
+1 4

fn=(98) handle_ld_preload
837 8
+1 1
-1 1
-75 1
+86 1
-86 4
+80 2
+3 3
cfi=(33)
cfn=(100)
calls=1 30 
* 218
* 1
+1 3
+9 1
121 1
857 2
121 2
859 2
-97 5
-10 1
+4 1
+1 1
+1 1
+2 1
+2 1
cfi=(34)
cfn=(104) _dl_catch_error
calls=1 213 
* 2226
* 1
+1 3
+8 4
+71 2
+21 9
-15 4
cfi=(20)
cfn=(48)
calls=1 129 
* 18
+1 2

fn=(176) init_tls
687 1
-6 1
+2 2
+4 1
+10 4
cfi=(19)
cfn=(42)
calls=1 92 
* 27
* 1
+11 1
-15 1
+3 1
+6 1
+2 1
-11 1
+15 1
+2 1
-1 1
+1 15
+2 8
+4 1
+2 1
-2 1
-5 8
+9 2
+3 1
cfi=(32) /build/glibc-CVJwZb/glibc-2.27/elf/../elf/dl-tls.c
cfn=(178) _dl_determine_tlsoffset
calls=1 141 
* 66
+7 1
cfi=(32)
cfn=(180) _dl_allocate_tls_storage
calls=1 332 
* 375
+1 1
-1 1
+1 1
+6 1
+3 1
-3 1
+3 6
+3 1
+2 1
+1 3

fn=(32) dl_main
870 1
+17 1
-17 10
+17 1
+4 1
2471 1
870 1
+21 1
+1 1
2466 1
892 1
+5 1
2471 1
897 1
2464 2
+7 3
-4 1
+4 3
+2 2
cfi=(15) /build/glibc-CVJwZb/glibc-2.27/elf/dl-environ.c
cfn=(34) _dl_next_ld_env_entry
calls=1 29 
* 40
* 4
cfi=(15)
cfn=(34)
calls=2 29 
* 184
* 9
+4 6
-2 2
+2 42
+1 19
-1 57
+3 4
+6 14
+76 3
+1 4
cfi=(16) /build/glibc-CVJwZb/glibc-2.27/string/../sysdeps/x86_64/memcmp.S
cfn=(36) bcmp
calls=1 28 
* 31
* 2
-56 2
+7 4
cfi=(16)
cfn=(36)
calls=1 28 
* 36
* 2
+2 3
2635 3
+32 3
907 3
1108 7
cfi=(17) /build/glibc-CVJwZb/glibc-2.27/elf/dl-object.c
cfn=(38) _dl_new_object
calls=1 59 
* 230
+2 1
-2 1
+2 1
+1 1
+1 1
+5 2
-5 1
+1 2
+4 1
cfi=(17)
cfn=(50) _dl_add_to_namespace_list
calls=1 31 
* 33
+1 2
879 1
1147 1
-3 1
-5 1
+1 1
+2 1
+5 5
+56 2
876 1
1166 1
+22 1
+15 2
-55 24
-1 27
+1 47
1250 3
+3 2
+2 2
+2 3
+13 3
+3 2
-2 1
+2 1
-2 3
cfi=(21)
cfn=(56)
calls=1 144 
* 50
* 2
+7 1
+3 1
-5 1
+3 1
-3 1
+5 1
+1 2
+4 2
+2 2
fi=(3) /build/glibc-CVJwZb/glibc-2.27/elf/get-dynamic-info.h
33 1
+9 2
+6 1
-2 1
+2 2
+15 1
+5 1
+3 1
+2 1
-3 1
-3 1
-3 1
-14 52
+13 24
+1 20
+10 5
-26 15
+16 20
+10 20
-26 60
+26 1
-26 3
+33 3
+20 3
+1 4
+1 4
+1 4
+2 4
+5 4
+1 4
+1 4
+6 3
+5 2
+7 2
+1 3
+18 3
+5 1
+2 1
-2 1
+2 1
+2 2
+2 2
+1 1
+2 3
+10 1
-8 3
+8 1
+5 2
+1 2
+2 2
fe=(2)
1293 2
cfi=(6)
cfn=(10)
calls=1 939 
* 23
+3 2
fi=(22) /build/glibc-CVJwZb/glibc-2.27/elf/setup-vdso.h
24 2
fe=(2)
1318 1
cfi=(11) /build/glibc-CVJwZb/glibc-2.27/elf/../sysdeps/unix/sysv/linux/dl-sysdep.c
cfn=(62) _dl_discover_osversion
calls=1 45 
* 95
* 9
-6 5
1167 2
+9 1
-7 1
-3 1
+10 1
+18 2
-37 3
+1 1
-6 3
+1 1
fi=(3)
65 4
+3 4
fe=(2)
1203 2
-1 2
+1 4
-1 2
+2 4
+1 1
+3 2
+1 2
-1 2
+1 2
+1 2
+1 6
+1 2
+31 2
+1 2
+1 1
-6 2
+1 1
fi=(3)
71 4
+1 1
+1 3
fe=(2)
1323 2
cfi=(24)
cfn=(66) _dl_init_paths
calls=1 678 
* 1744
+3 3
cfi=(31) /build/glibc-CVJwZb/glibc-2.27/elf/dl-debug.c
cfn=(92) _dl_debug_initialize
calls=1 49 
* 17
+7 1
-7 1
+2 1
+5 1
+3 3
+1 1
+3 1
-3 3
+1 2
+3 1
+5 1
-7 1
+7 1
+1 5
+17 2
+1 2
+5 1
-3 3
+2 1
+1 2
+5 2
+1 5
-1 2
+3 2
+1 2
+5 2
+6 4
+1 1
-2 1
885 1
1391 1
1570 1
cfi=(32)
cfn=(94) _dl_count_modids
calls=1 113 
* 4
* 1
+8 3
+3 2
+4 3
+5 2
+1 1
cfi=(31)
cfn=(96) _dl_debug_state
calls=1 74 
* 1
+1 1
+4 2
+15 3
+4 1
-2 1
+2 2
+2 3
+1 1
-1 2
+1 1
cfn=(98)
calls=1 837 
* 2531
* 1
+1 4
+2 2
+10 3
cfi=(47) /build/glibc-CVJwZb/glibc-2.27/io/../sysdeps/unix/sysv/linux/access.c
cfn=(144) access
calls=1 27 
* 8
* 2
+77 1
-96 1
+96 3
+17 3
+1 1
-1 1
+1 2
-1 1
+1 5
cfi=(48)
cfn=(146)
calls=1 159 
* 6884
+1 4
+5 1
-3 2
+3 2
+1 7
-1 2
+1 9
-1 6
+4 3
+1 3
+1 1
+2 2
+1 5
-1 4
+1 6
-1 6
+47 2
+2 2
-1 1
-1 2
+2 4
cfi=(34)
cfn=(168) _dl_receive_error
calls=1 226 
* 3317
+10 1
+1 1
-1 1
+1 1
+1 1
cfn=(176)
calls=1 687 
* 542
* 1
+2 2
799 1
fi=(134) /build/glibc-CVJwZb/glibc-2.27/elf/../sysdeps/unix/sysv/linux/dl-osinfo.h
64 2
fe=(2)
801 1
fi=(134)
77 1
fe=(2)
810 1
+7 1
-5 1
1808 2
2038 3
2161 3
+7 1
+2 3
+1 1
-1 2
+2 10
+2 4
-2 8
+2 4
+5 8
+2 8
+6 4
+2 8
+1 24
cfi=(54) /build/glibc-CVJwZb/glibc-2.27/elf/dl-reloc.c
cfn=(182) _dl_relocate_object
calls=3 148 
* 138597
+4 10
+1 2
cfi=(32)
cfn=(290) _dl_add_to_slotinfo
calls=1 887 
* 20
* 1
-12 1
+1 1
-3 2
+29 4
+2 1
+7 3
cfi=(32)
cfn=(294) _dl_allocate_tls_init
calls=1 437 
* 149
+3 2
-25 4
+2 2
+6 1
-6 1
+6 1
+26 3
+2 4
+15 1
+2 1
-2 2
+3 1
-3 1
+3 1
-3 1
+3 3
cfi=(54)
cfn=(182)
calls=1 148 
* 6002
+1 4
+2 2
+8 1
cfi=(7) /build/glibc-CVJwZb/glibc-2.27/elf/../elf/dl-sysdep.c
cfn=(296) _dl_sysdep_start_cleanup
calls=1 260 
* 1
+4 2
+20 3
cfi=(31)
cfn=(92)
calls=1 49 
* 8
+1 1
-1 1
+2 1
cfi=(31)
cfn=(96)
calls=1 74 
* 1
+1 1
+4 1
cfi=(50) /build/glibc-CVJwZb/glibc-2.27/elf/dl-cache.c
cfn=(298) _dl_unload_cache
calls=1 326 
* 15
+5 8
2094 1
+13 1
-9 1
-4 1
+10 1
-6 1
+6 1
+3 1
1753 1
+1 1
-1 2
+1 1
+2 1
+2 3
+2 1
-4 1
+4 2
+14 4
+1 2
+1 3
-64 5
+1 1
-1 3
+4 3
+1 1
+1 2
+1 2
+32 2
2565 3

fn=(2)
444 9
+19 4
fi=(3)
48 1
fe=(2)
463 1
fi=(5)
59 3
fi=(3)
-11 1
fe=(2)
489 1
-3 1
fi=(3)
48 1
+25 2
-3 1
-7 1
+5 1
+3 1
+2 1
-6 1
+3 1
-3 2
-3 16
+10 4
-26 12
+16 13
+10 13
-26 39
+26 1
-26 3
+2 36
+13 20
+2 4
+16 2
+20 4
+1 4
+1 4
+1 4
+2 4
+5 4
+1 4
+1 4
+6 3
+5 2
+7 3
+1 3
+8 3
+3 3
+4 2
+1 2
fe=(2)
500 2
393 1
507 1
393 1
cfi=(6)
cfn=(10)
calls=1 939 
* 23
+1 2
+1 2
+1 2
+1 2
+8 1
+9 1
-9 3
+9 1
-6 1
-3 1
+9 1
cfi=(7)
cfn=(12) _dl_sysdep_start
calls=1 88 
* 174661
* 1
+9 4
+3 1
+4 1
-4 1
+4 1
532 9
-27 27
fi=(4) /build/glibc-CVJwZb/glibc-2.27/elf/do-rel.h
84 1
+27 1
-28 1
+28 2
+1 2
fi=(5)
540 2
fi=(4)
112 76
fi=(5)
540 76
+1 39
fi=(4)
111 39
fi=(5)
541 39
fi=(4)
111 39
fi=(5)
541 39
fi=(4)
111 39
+5 2
+8 1
fi=(5)
335 1
+87 1
fi=(4)
124 2
+12 1
+3 1
-3 1
+3 1
-3 1
fi=(5)
301 1
fi=(4)
137 1
fi=(5)
301 1
fi=(4)
137 1
fi=(5)
301 1
fi=(4)
136 8
+3 8
-3 8
+3 8
-3 8
fi=(5)
301 8
fi=(4)
137 8
fi=(5)
301 8
fi=(4)
137 8
fi=(5)
301 8
+9 27
+3 9
-3 18
+3 27
+22 54
fi=(3)
68 4
fi=(4)
+56 28
fi=(5)
354 27
fi=(3)
71 4
+1 1
+1 2
fe=(2)

fl=(35) /build/glibc-CVJwZb/glibc-2.27/setjmp/../sysdeps/x86_64/setjmp.S
fn=(110) __sigsetjmp
26 3
+9 3
+1 6
+1 3
+4 3
+1 3
+1 3
+1 3
+1 3
+2 6
+2 3
+1 3
+1 3
+2 6
+2 3
+4 3
+1 3

fl=(7)
fn=(12)
88 8
+25 1
-1 1
+1 106
+6 1
-3 1
+1 1
-4 1
+3 1
+3 4
+1 2
-1 12
-29 1
-1 10
+30 2
+1 108
+3 1
-4 74
+62 1
-62 1
+63 1
-1 1
-62 3
+34 1
-34 2
+35 1
-35 2
+46 1
-46 1
+47 1
-1 1
-46 3
+40 1
-40 1
+41 1
-1 1
-40 3
+37 1
-37 2
+38 1
-38 3
+13 1
-13 2
+14 1
-14 2
+10 1
-10 2
+11 1
-11 2
+7 1
-7 4
224 1
cfi=(9)
cfn=(16)
calls=1 +65 
* 12136
fi=(11)
35 2
cfi=(12)
cfn=(22)
calls=1 -4 
* 11
fi=(8)
210 1
-12 1
+1 1
+11 1
+3 1
-3 1
+3 5
381 3
+1 1
+3 2
+1 1
+6 1
+5 2
-3 1
+3 1
-4 1
+4 1
cfi=(9)
cfn=(26)
calls=1 -24 
* 16
+2 4
cfi=(9)
cfn=(26)
calls=1 -26 
* 18
* 1
+2 3
-2 1
+2 1
cfi=(9)
cfn=(26)
calls=1 -28 
* 18
* 1
+2 3
-2 1
+2 1
cfi=(9)
cfn=(26)
calls=1 -30 
* 18
+12 1
-12 1
+11 1
-11 1
+12 1
fe=(7)
236 1
cfi=(13)
cfn=(28)
calls=1 79 
* 16
* 1
+2 2
cfi=(14)
cfn=(30)
calls=1 32 
* 17
* 3
+12 3
+3 5
cfi=(2)
cfn=(32)
calls=1 870 
* 161787
+1 1
+1 8
fi=(8)
419 3
+28 2
-9 3
+2 4
+1 2
+2 4
+1 2
219 6
cfn=(24)
calls=1 48 
* 87
37 2
+1 2
+1 6
224 4
327 4
+7 6
217 3
+9 2
+1 1
-1 1
+1 6
+46 3
+22 2
+10 5
+13 3
-13 2
fe=(7)

fn=(296)
260 1

fl=(28)
fn=(76)
109 50
+6 10
+1 10
+1 6
+1 6
+2 4
+1 4
+2 4
+59 2
+1 2
+10 2
+1 2
+1 2
+1 2
+1 2
+1 2
+1 2
+1 2
+1 2
+1 2
+1 2
+1 2
+1 2
+1 2
+2 31
+1 31
+1 31
+1 31
+1 31
+1 31
+1 31
+1 2
+15 4
+1 4
+1 4
+1 3
+1 3
+1 1
+1 1
+24 1
+1 1
+2 1
+3 2
+1 2
+2 2
+3 1
+1 1
+2 1

fl=(41)
fn=(130)
34 3
-1 3
+1 3
+1 18
+4 3

fl=(54)
fn=(182)
148 40
+15 4
-15 8
+15 4
+1 20
+6 12
+6 16
+1 8
-19 6
+22 6
+7 4
-32 4
+32 4
+44 4
fi=(5)
76 4
fe=(54)
231 8
fi=(5)
76 12
fe=(54)
258 146
-99 2
fi=(5)
481 6
fe=(54)
159 4
+99 2
fi=(4)
48 2
fe=(54)
258 2
fi=(4)
47 2
+11 2
-11 2
+11 2
-11 2
+11 2
fe=(54)
258 2
-99 2
fi=(5)
481 6
fe=(54)
159 4
+99 2
fi=(4)
48 2
fe=(54)
258 2
fi=(4)
47 2
+11 2
-11 2
+11 2
-11 2
+11 2
fe=(54)
258 4
fi=(4)
48 4
fe=(54)
258 4
fi=(4)
47 4
+11 4
-11 4
+11 4
-11 4
+11 4
+26 6
+14 12
-15 12
+3 24
+12 6
+10 8
+10 18
+6 5
-3 10
+3 5
fi=(5)
491 3
fi=(4)
51 3
fi=(5)
491 3
fi=(4)
50 6
+77 752
+12 376
-3 564
fi=(5)
276 188
fi=(4)
139 188
-2 188
-1 188
+1 188
+1 188
-1 376
fi=(5)
276 188
+21 376
+4 376
+7 752
fi=(55)
102 513
fi=(5)
308 2523
fi=(4)
138 167
fi=(5)
308 334
fi=(4)
138 167
fi=(5)
308 167
fi=(4)
138 167
fi=(5)
308 334
fi=(4)
138 1
fi=(5)
308 2
fi=(4)
138 1
fi=(5)
308 1
fi=(4)
138 1
fi=(5)
308 2018
cfi=(6)
cfn=(190)
calls=168 790 
* 102318
* 1008
+2 513
+25 1128
fi=(4)
74 4
+1 7
+1 78
fi=(5)
551 39
+24 78
+2 39
cob=(3)
cfi=(82) /build/glibc-CVJwZb/glibc-2.27/time/../sysdeps/unix/sysv/linux/x86/gettimeofday.c
cfn=(286) gettimeofday
calls=1 42 
* 77
cob=(3)
cfi=(59) /build/glibc-CVJwZb/glibc-2.27/string/../sysdeps/x86_64/multiarch/ifunc-strcasecmp.h
cfn=(282) strncasecmp_l
calls=1 32 
* 6
cob=(3)
cfi=(62) /build/glibc-CVJwZb/glibc-2.27/string/../sysdeps/x86_64/multiarch/ifunc-avx2.h
cfn=(280) strchrnul
calls=1 32 
* 8
cob=(3)
cfi=(57) /build/glibc-CVJwZb/glibc-2.27/string/../sysdeps/x86_64/multiarch/ifunc-unaligned-ssse3.h
cfn=(276) stpcpy
calls=1 33 
* 5
cob=(3)
cfi=(57)
cfn=(272) stpncpy
calls=1 33 
* 5
cob=(3)
cfi=(72) /build/glibc-CVJwZb/glibc-2.27/string/../sysdeps/x86_64/multiarch/ifunc-sse4_2.h
cfn=(270) strspn
calls=1 30 
* 6
cob=(3)
cfi=(66) /build/glibc-CVJwZb/glibc-2.27/wcsmbs/../sysdeps/x86_64/multiarch/ifunc-avx2.h
cfn=(268) wcslen
calls=1 32 
* 8
cob=(3)
cfi=(62)
cfn=(266) memchr
calls=1 32 
* 8
cob=(3)
cfi=(59)
cfn=(262) strcasecmp_l
calls=1 32 
* 6
cob=(3)
cfi=(62)
cfn=(260) memrchr
calls=1 32 
* 8
cob=(3)
cfi=(62)
cfn=(258) strlen
calls=1 32 
* 8
cob=(3)
cfi=(77) /build/glibc-CVJwZb/glibc-2.27/string/../sysdeps/x86_64/multiarch/strchr.c
cfn=(256) index
calls=1 40 
* 8
cob=(3)
cfi=(72)
cfn=(254) strpbrk
calls=1 30 
* 6
cob=(3)
cfi=(76) /build/glibc-CVJwZb/glibc-2.27/wcsmbs/../sysdeps/x86_64/multiarch/ifunc-wmemset.h
cfn=(252) wmemset
calls=2 32 
* 26
cob=(3)
cfi=(75) /build/glibc-CVJwZb/glibc-2.27/wcsmbs/../sysdeps/x86_64/multiarch/wcsnlen.c
cfn=(250) wcsnlen
calls=1 40 
* 7
cob=(3)
cfi=(56) /build/glibc-CVJwZb/glibc-2.27/string/../sysdeps/x86_64/multiarch/ifunc-memmove.h
cfn=(248) memcpy@@GLIBC_2.14
calls=1 44 
* 16
cob=(3)
cfi=(57)
cfn=(244) strcpy
calls=1 33 
* 5
cob=(3)
cfi=(59)
cfn=(240) strncasecmp
calls=1 32 
* 6
cob=(3)
cfi=(72)
cfn=(238) strcspn
calls=1 30 
* 6
cob=(3)
cfi=(62)
cfn=(236) strnlen
calls=2 32 
* 16
cob=(3)
cfi=(66)
cfn=(234) wcschr
calls=2 32 
* 16
cob=(3)
cfi=(71) /build/glibc-CVJwZb/glibc-2.27/string/../sysdeps/x86_64/multiarch/ifunc-memset.h
cfn=(232) memset
calls=1 42 
* 18
cob=(3)
cfi=(70) /build/glibc-CVJwZb/glibc-2.27/string/../sysdeps/x86_64/multiarch/strcmp.c
cfn=(230) strcmp
calls=1 38 
* 5
cob=(3)
cfi=(69) /build/glibc-CVJwZb/glibc-2.27/string/../sysdeps/x86_64/multiarch/strncmp.c
cfn=(228) strncmp
calls=1 38 
* 8
cob=(3)
cfi=(67) /build/glibc-CVJwZb/glibc-2.27/string/../sysdeps/x86_64/multiarch/ifunc-memcmp.h
cfn=(224) bcmp
calls=1 33 
* 13
cob=(3)
cfi=(56)
cfn=(222) mempcpy
calls=1 44 
* 16
cob=(3)
cfi=(66)
cfn=(220) wmemchr
calls=2 32 
* 16
cob=(3)
cfi=(62)
cfn=(218) rawmemchr
calls=1 32 
* 8
cob=(3)
cfi=(63) /build/glibc-CVJwZb/glibc-2.27/time/../sysdeps/unix/sysv/linux/x86/time.c
cfn=(212) time
calls=1 43 
* 77
cob=(3)
cfi=(62)
cfn=(210) rindex
calls=1 32 
* 8
cob=(3)
cfi=(57)
cfn=(206) strcat
calls=1 33 
* 5
cob=(3)
cfi=(59)
cfn=(202) strcasecmp
calls=1 32 
* 6
cob=(3)
cfi=(57)
cfn=(198) strncpy
calls=1 33 
* 5
cob=(3)
cfi=(56)
cfn=(196) memmove
calls=2 44 
* 32
-26 39
+27 39
fi=(4)
75 121
fe=(54)
258 2
fi=(4)
75 14
fe=(54)
258 14
+3 16
+24 4
+3 8
+17 12
+8 20
+3 4
-3 4
+3 4
+4 8
+1 12
cfi=(44) /build/glibc-CVJwZb/glibc-2.27/misc/../sysdeps/unix/syscall-template.S
cfn=(136) mprotect
calls=4 78 
* 20
* 8
-14 32
fi=(5)
131 6
458 680
fi=(4)
124 564
+19 15
fi=(5)
430 51
+4 68
+5 17
+9 17
-9 34
+9 34
+49 3
+4 6
cfi=(20)
cfn=(48)
calls=1 129 
* 10
+2 3
+1 1
308 34
+5 17
-3 34
+3 218
-3 334
+3 501
+3 70
+3 28
+1 42
+1 28
+4 14
+7 14
cob=(3)
cfi=(56)
cfn=(196)
calls=1 44 
* 16
cob=(3)
cfi=(56)
cfn=(222)
calls=1 44 
* 16
cob=(3)
cfi=(72)
cfn=(254)
calls=1 30 
* 6
cob=(3)
cfi=(56)
cfn=(248)
calls=1 44 
* 16
cob=(3)
cfi=(70)
cfn=(230)
calls=1 38 
* 5
cob=(3)
cfi=(72)
cfn=(238)
calls=1 30 
* 6
cob=(3)
cfi=(72)
cfn=(270)
calls=1 30 
* 6
cob=(3)
cfi=(77)
cfn=(256)
calls=1 40 
* 8
cob=(3)
cfi=(62)
cfn=(258)
calls=1 32 
* 8
cob=(3)
cfi=(57)
cfn=(276)
calls=1 33 
* 5
cob=(3)
cfi=(62)
cfn=(280)
calls=1 32 
* 8
cob=(3)
cfi=(57)
cfn=(244)
calls=1 33 
* 5
cob=(3)
cfi=(59)
cfn=(202)
calls=1 32 
* 6
cob=(3)
cfi=(83) /build/glibc-CVJwZb/glibc-2.27/string/../sysdeps/x86_64/multiarch/strstr.c
cfn=(292) strstr
calls=1 44 
* 6
* 42
-24 276
fi=(4)
61 4
-10 2
-1 4
fi=(5)
551 16
+4 16
+2 24
+1 8
fi=(4)
61 141
+2 188
+2 119
+46 9
fi=(5)
541 1522
fi=(4)
111 1522
fi=(5)
541 1522
fi=(4)
111 1522
fi=(5)
541 1522
fi=(4)
111 1522
fi=(5)
535 1522
fi=(4)
112 3044
fi=(5)
535 3044
+5 3044
fi=(4)
50 1
160 1
51 1
160 4
+2 20
+9 10
-1 5
+1 5
-1 10
fi=(5)
276 5
fi=(4)
170 15
fi=(5)
276 5
+21 10
+4 10
+7 20
fi=(55)
102 15
fi=(5)
308 170
cfi=(6)
cfn=(190)
calls=5 790 
* 2462
* 35
+2 15
+25 30
fe=(54)
-77 10
fi=(5)
82 4
+4 6
+14 2
-8 2
+8 4
+20 4
+4 8
-2 4
458 20
fi=(4)
160 17
+14 2
fi=(5)
313 1
-3 2
+3 3
-5 159
fe=(54)
180 3
fi=(5)
308 24
fe=(54)

fl=(24)
fn=(114)
2151 21
+8 3
-8 6
+8 3
+1 12
+3 42
+5 49
+2 21
cfi=(36)
cfn=(116)
calls=7 282 
* 747
* 14
+4 12
+1 18
+3 2
+1 2
+1 2
-1 2
+1 2
cfi=(21)
cfn=(56)
calls=2 144 
* 48
* 4
2462 27
2196 6
+10 6
-53 2
+89 4
-2 2
+2 2
cfi=(29)
cfn=(84)
calls=2 24 
* 46
* 4
2393 5
cfn=(82) expand_dynamic_string_token
calls=1 375 
* 158
* 1
-2 1
+3 5
+4 9
cfn=(118) open_verify.constprop.7
calls=1 1653 
* 223
+3 2
-3 1
+3 3
+12 3
+46 1
+1 3
-1 1
+1 9
cfn=(126) _dl_map_object_from_fd
calls=1 863 
* 1353
-1 1
+1 3
-1 1
+1 9
cfn=(126)
calls=1 863 
* 1702
* 6
2242 1
+4 2
cfi=(13)
cfn=(28)
calls=1 79 
* 16
* 1
+2 1
-2 1
+2 1
+7 4
+36 12
cfn=(152) open_path
calls=1 2003 
* 1339
+6 2
-6 1
+6 3
656 3
2385 2
+28 4
+2 2
-95 1
-14 1
+14 1
+2 3
+4 2
cfi=(50)
cfn=(156) _dl_load_cache_lookup
calls=1 187 
* 1176
+2 1
-2 1
+2 1
+4 2
+8 3
+23 10
cfn=(118)
calls=1 1653 
* 235
+4 2
-4 1
+4 3
+1 2
-88 7
656 3
2290 2
+1 2
-32 1
+1 2
-1 3
+8 7
-3 3
656 3
+9 3
2279 3

fn=(152)
2003 8
+1 1
+6 1
-6 1
+6 1
+5 11
-7 1
-1 1
+8 7
+3 3
+9 4
+7 3
+1 1
-13 3
+12 1
cfi=(20)
cfn=(74)
calls=1 116 
* 12
* 1
+55 2
-22 6
-32 2
+32 24
-32 16
+3 16
+4 48
cfi=(20)
cfn=(74)
calls=8 116 
* 101
* 32
cfi=(20)
cfn=(74)
calls=8 116 
* 96
+3 16
+3 24
+3 72
cfn=(118)
calls=8 1653 
* 432
* 8
+2 40
+2 16
+89 9
-24 7
+7 1
-2 1
+2 3
+3 3
-13 2
-57 16
+1 64
+6 16
+2 16
-2 16
+2 16
cfi=(49) /build/glibc-CVJwZb/glibc-2.27/io/../sysdeps/unix/sysv/linux/wordsize-64/xstat.c
cfn=(154) _xstat
calls=8 34 
* 101
* 8
+3 8
-3 8
+1 1
+2 1
-2 1
+2 7
-37 2
+37 7
-37 14

fn=(118)
1653 120
+39 10
-39 20
+39 38
+31 30
cfi=(37)
cfn=(120)
calls=10 39 
* 184
+2 10
-2 10
+2 12
+11 2
+6 2
-5 6
+5 12
cfi=(39)
cfn=(124)
calls=2 27 
* 10
+2 4
+2 2
+2 2
-2 2
+2 2
+6 4
+16 18
1985 4
cob=(2)
cfi=(18)
cfn=(88)
calls=2 0 
* 10
* 2
1770 14
+74 4
+5 4
+2 8
+6 4
+11 4
+6 2
+1 2
-1 6
+1 6
+1 4
+20 8
1730 8
1896 72
+2 38
+13 6
+3 8
+28 12
-3 18
+15 2
+6 3
-3 1
+1 1
+3 1
-3 2
+1 1
-1 1
-1 1
+4 2
1705 8
1989 90
1770 2
1942 12
+3 2
-4 2
+4 4
+5 1
+1 4
-36 6

fn=(78) fillin_rpath
444 7
+2 1
-2 9
+4 3
cfi=(19)
cfn=(80)
calls=1 265 
* 238
* 3
cfi=(19)
cfn=(80)
calls=1 265 
* 6
* 6
+7 2
+2 3
cfn=(82)
calls=1 -82 
* 108
+4 1
-4 1
+4 1
+5 2
cfi=(13)
cfn=(28)
calls=1 79 
* 16
+1 2
+7 6
+9 17
+1 8
+57 2
cob=(2)
cfi=(18)
cfn=(88)
calls=1 0 
* 5
* 1
-39 2
+4 7
-1 1
cfi=(19)
cfn=(46)
calls=1 50 
* 18
* 1
+3 3
+5 1
+1 2
-2 2
+2 1
cfi=(20)
cfn=(74)
calls=1 116 
* 12
+3 1
-2 1
-1 1
+1 1
+2 1
+6 4
+1 17
+1 1
-1 3
+1 1
-1 14
+1 8
-1 1
+1 1
-1 3
+1 1
-1 2
+4 1
-1 1
+1 1
-1 1
+1 1
+8 1
-1 1
+4 3
-37 2
-28 1
+5 4
+66 1
+3 9
-15 2

fn=(82)
375 16
233 4
375 2
233 2
cfi=(29)
cfn=(84)
calls=2 24 
* 70
+3 4
400 2
-11 2
+11 12
-11 2
cfi=(30) /build/glibc-CVJwZb/glibc-2.27/string/strdup.c
cfn=(86) strdup
calls=2 40 
* 150

fn=(148)
230 4
+3 2
-3 4
+7 2
-7 6
+3 2
cfi=(29)
cfn=(84)
calls=2 24 
* 70
+3 4
+20 18

fn=(66)
678 1
+13 2
-13 8
+13 3
cfi=(25)
cfn=(68)
calls=1 42 
* 711
+5 1
-5 1
+5 1
cfi=(19)
cfn=(46)
calls=1 50 
* 18
* 1
+1 1
-2 1
+2 2
+8 1
-1 1
+1 4
-1 3
+4 4
cfi=(19)
cfn=(46)
calls=1 50 
* 18
* 1
+2 1
-2 2
+2 1
+7 1
+10 1
-11 1
+12 1
+3 1
+1 1
-5 1
+3 1
+1 1
-1 1
+9 1
-20 1
+17 1
+3 1
-3 17
cfi=(28)
cfn=(76)
calls=4 109 
* 48
+3 27
-12 3
-2 3
+10 3
-7 3
-1 3
+4 3
-1 3
+1 3
+1 3
+3 3
+1 3
-4 3
+4 3
+14 1
-11 1
+6 1
+1 1
+5 2
+2 4
+2 3
+38 5
-19 1
-2 2
+2 2
+21 3
cfi=(13)
cfn=(28)
calls=1 79 
* 16
* 8
cfi=(20)
cfn=(48)
calls=1 129 
* 10
* 1
+5 4
-1 2
+2 56
-1 57
+5 1
cfi=(19)
cfn=(46)
calls=1 50 
* 18
* 1
+1 1
-2 1
+2 1
+6 7
cfn=(78)
calls=1 444 
* 588
+3 3
+6 1
+4 8
-37 2

fn=(126)
863 22
+10 2
-10 2
+10 2
-10 6
+10 2
cfi=(31)
cfn=(92)
calls=2 49 
* 16
fi=(40) /build/glibc-CVJwZb/glibc-2.27/elf/../sysdeps/posix/dl-fileid.h
37 6
fe=(24)
873 2
fi=(40)
37 2
cfi=(41)
cfn=(130)
calls=2 -3 
* 20
* 4
+4 2
fe=(24)
889 2
fi=(40)
40 2
+1 2
fe=(24)
889 27
+1 10
fi=(40)
49 13
fe=(24)
1401 18
907 4
+24 8
+10 4
+22 8
+32 4
874 2
998 14
cfi=(17)
cfn=(38)
calls=2 59 
* 758
+1 2
-1 2
+1 2
+11 4
+5 2
-5 2
+1 2
+5 2
-5 2
+1 2
+2 2
-2 2
+2 4
+1 6
+20 2
-2 2
+2 18
+8 10
+97 2
1031 2
1140 2
1037 2
-1 2
-5 4
1140 6
-96 32
-1 102
+1 95
+6 4
+5 4
+1 8
+11 20
+5 32
+9 12
-1 12
+1 4
+1 8
+2 4
-2 4
+1 4
-1 4
+3 4
+4 4
-7 4
+3 4
-1 4
+5 4
+1 12
+5 2
-1 2
+1 2
-15 2
+14 2
+1 10
+10 2
-10 2
-1 2
+1 2
-15 2
+14 2
+1 10
+10 2
-44 2
+1 1
+46 3
+4 1
+1 1
+2 1
-1 1
-1 2
+1 1
+3 3
+1 1
+3 1
-3 1
+7 4
+6 1
cfi=(32)
cfn=(164) _dl_next_tls_modid
calls=1 51 
* 6
* 2
+1 1
+19 4
+1 4
+1 2
-6 4
+1 2
+8 8
1011 2
1165 2
1011 2
1165 2
+10 4
fi=(43) /build/glibc-CVJwZb/glibc-2.27/elf/./dl-map-segments.h
50 2
+6 2
fe=(24)
1175 8
fi=(43)
56 6
fe=(24)
1175 2
fi=(43)
50 2
fe=(24)
1175 4
fi=(43)
56 4
cfi=(42)
cfn=(132)
calls=2 -5 
* 74
+4 2
-4 2
+4 4
+3 4
+1 2
+2 2
-2 2
-1 2
+3 2
+14 4
fi=(45) /build/glibc-CVJwZb/glibc-2.27/elf/./dl-load.h
+10 8
+1 6
+2 8
fi=(43)
+11 16
+45 4
-59 20
+2 12
+2 18
cfi=(42)
cfn=(132)
calls=2 -43 
* 66
* 6
+16 2
+2 2
-2 2
+1 2
+2 2
-1 2
+1 2
-1 6
+8 6
+3 4
+8 14
cfi=(28)
cfn=(76)
calls=2 -22 
* 249
* 6
+6 4
+4 9
cfi=(42)
cfn=(132)
calls=1 -90 
* 33
+3 3
-71 20
cfi=(44)
cfn=(136)
calls=2 +5 
* 10
* 6
fi=(45)
+21 5
+2 1
-1 3
+1 1
-1 1
+1 2
-1 2
+3 4
fe=(24)
1187 8
+9 4
fi=(3)
42 2
fe=(24)
1196 2
fi=(3)
42 2
+6 2
-2 2
+2 4
+15 2
+5 2
+3 2
-1 2
-3 2
-3 36
+10 8
-26 24
+16 35
+10 35
-26 105
+26 2
-26 6
+2 90
+13 40
+2 8
+16 4
+20 7
+1 8
+1 8
+1 8
+2 8
+5 8
+1 7
+1 8
+6 6
+5 4
+7 4
+1 6
+18 6
+5 1
+2 1
-2 1
+2 1
+2 2
+2 2
+3 6
+10 1
-8 4
+8 1
+5 2
+3 4
fe=(24)
1203 4
+15 6
+19 4
+2 10
+54 6
+1 2
+3 2
cfi=(46)
cfn=(142)
calls=1 27 
* 5
* 2
cfi=(46)
cfn=(142)
calls=1 27 
* 5
* 4
+9 4
+2 6
+2 2
-2 2
+2 2
+16 4
cfi=(6)
cfn=(10)
calls=2 939 
* 46
+4 4
+1 4
+17 4
+1 1
+8 1
-5 3
+5 2
-5 3
+5 1
+10 4
+10 6
cfi=(17)
cfn=(50)
calls=2 31 
* 82
+4 6
fi=(3)
68 8
+3 8
+1 2
+1 8
fe=(24)
424 2

fl=(20)
fn=(74)
116 26
+1 26
+1 26
+17 26
+1 26
+1 4
+1 4
+5 3
+1 3
+1 3
+1 3
+5 3
275 22
+1 22
+1 8
+1 8
+1 3
+1 3
+1 1
+4 1
+22 14
+1 14
+1 14
+1 14
+1 14
+3 5
+1 5
+1 5
+1 5
+1 5
+3 2
+1 2
+1 2
+1 2
+1 2
+10 1
+1 1
+1 1
+1 1
+22 1
+1 1
+1 1
+1 1
+1 1
+1 1
+1 1
+1 1
+2 1

fn=(48)
129 15
+6 15
+1 15
+1 8
+1 8
+5 5
+1 5
+1 5
+1 5
+5 5
275 7
+1 7
+1 1
+1 1
+1 1
+1 1
+1 1
+1 1
+1 1
+2 1
+22 6
+1 6
+1 6
+1 6
+1 6
+24 3
+1 3
+1 3
+1 3
+22 3
+1 3
+1 3
+1 3
+1 3
+1 3
+1 3
+1 3
+2 3

fl=(34)
fn=(104)
213 6
+2 2
-2 1
+2 2
cfn=(108)
calls=1 -40 
* 2203
* 1
+1 2
+1 1
+1 1
-1 1
+1 1
+2 5

fn=(168)
226 3
+1 1
+1 1
+3 1
+1 1
+2 2
cfi=(2)
cfn=(170)
calls=1 621 
* 3302
+2 1
+1 1
+1 4

fn=(108)
175 6
+15 3
-3 6
+4 3
-3 3
-13 3
+19 3
-3 3
+3 3
-19 3
+13 3
+2 3
+4 3
cfi=(35)
cfn=(110)
calls=3 26 
* 60
* 9
+2 9
cfi=(48)
cfn=(150)
calls=2 60 
* 5384
cfi=(2)
cfn=(112)
calls=1 588 
* 2152
+2 3
-1 3
+1 6
-1 3
+1 3
+9 12

fl=(113) /build/glibc-CVJwZb/glibc-2.27/elf/dl-open.c
fn=(556) _dl_find_dso_for_object
176 5
+4 6
+1 4
+1 12
+1 2
-2 6
+5 2
+4 7

fl=(17)
fn=(50)
31 6
+2 3
-2 9
+2 6
cfi=(2)
cfn=(52)
calls=3 784 
* 6
+2 22
+3 15
+2 2
+2 2
+4 2
+4 2
-4 4
+1 2
+4 4
-4 2
+1 2
+3 2
-3 2
+2 2
cfi=(2)
cfn=(54)
calls=2 790 
* 4
-4 1
+4 1
-4 2
+1 1
+4 2
-4 1
+1 1
+3 1
-3 1
+2 1
cfi=(2)
cfn=(54)
calls=1 790 
* 2
-5 2

fn=(38)
59 36
+1 3
-1 3
+1 6
cfi=(13)
cfn=(28)
calls=3 +19 
* 66
+6 3
-6 6
+6 3
+7 3
-7 3
-6 3
+6 9
+2 6
+5 9
cfi=(19)
cfn=(42)
calls=3 +19 
* 147
* 3
+3 3
-3 3
+3 3
+4 3
+5 3
-6 3
+6 3
-5 3
+5 3
-5 3
+4 3
+1 6
-1 3
+1 3
cfi=(20)
cfn=(48)
calls=3 +44 
* 41
+10 3
-10 3
+10 3
-10 3
+10 3
-8 3
+8 6
+1 3
-1 3
+1 9
+3 3
-3 3
+3 3
+9 3
-7 3
+4 3
+3 8
+2 2
-2 2
+2 30
-2 30
+18 6
-6 3
+1 3
+5 3
-6 3
+6 9
+2 2
+3 2
-3 4
+3 2
+4 6
+4 5
+8 1
+3 1
+3 2
-3 1
+3 1
-3 2
+3 4
-3 2
+3 2
+2 2
+21 2
-21 2
cfi=(13)
cfn=(28)
calls=2 -76 
* 68
+4 2
-4 4
+17 2
-13 6
+64 2
+4 27
100 8
+39 6
+70 6
cfi=(20)
cfn=(74)
calls=2 -93 
* 32
* 42
+6 40
-1 40
+1 42
-1 2
+1 6
+5 4
-96 1
+7 4
+32 4
cfi=(19)
cfn=(46)
calls=2 50 
* 36
* 2
+1 2
-1 4
+1 2

fl=(31)
fn=(92)
49 8
+5 6
+5 2
-1 1
+1 2
+1 2
-1 1
+5 1
-14 4
+4 8
+4 1
-1 1
+1 4

fn=(96)
74 2

fl=(16)
fn=(36)
28 2
+1 2
+1 2
+1 2
+1 2
+1 2
+1 2
+1 2
+3 2
+1 2
+1 1
+1 1
+1 1
+1 1
+1 1
+1 1
+1 1
+2 2
+1 2
+1 1
+1 1
+1 1
+1 1
+1 1
+1 1
+1 1
+2 2
+1 2
+1 2
+1 2
+1 2
+1 2
+1 1
+1 1
+1 1
+2 1
+1 1
+1 1
+1 1
+1 1
+1 1
+29 2
+1 2
+15 2
+1 2

fl=(49)
fn=(154)
34 8
-1 8
+1 8
+1 48
+4 1
-4 28

fl=(15)
fn=(34)
29 3
+3 10
+13 30
-13 90
+2 64
+1 18
+5 2
-3 2
+3 2
+2 2
+7 1

fl=(44)
fn=(300) munmap
78 4
+1 1

fn=(136)
78 24
+1 6

fl=(50)
fn=(156)
187 9
+8 2
+3 3
+45 1
+6 2
+11 1
-2 1
fi=(51) /build/glibc-CVJwZb/glibc-2.27/elf/../sysdeps/x86/dl-procinfo.h
39 1
fe=(50)
258 2
fi=(51)
39 3
+3 3
cfi=(21)
cfn=(56)
calls=1 144 
* 24
* 2
fe=(50)
264 4
cfi=(9)
cfn=(26)
calls=1 373 
* 18
* 1
fi=(26)
28 2
fe=(50)
264 1
fi=(26)
28 2
fe=(50)
266 2
fi=(26)
32 3
fe=(50)
270 2
+15 1
-15 1
+15 105
cfn=(162) _dl_cache_libcmp
calls=7 141 
* 514
* 55
cfn=(162)
calls=1 141 
* 71
* 3
-15 2
+1 3
-1 2
+15 3
-84 4
cfi=(36)
cfn=(158)
calls=1 44 
* 107
+8 1
-8 1
+8 4
+1 7
+7 1
-3 1
+3 3
+3 1
+1 2
-1 1
+1 1
+1 8
+63 3
+16 2
+4 2
+8 3
cfi=(13)
cfn=(28)
calls=1 79 
* 34
* 2
+1 1
-1 4
+1 2
cfi=(20)
cfn=(48)
calls=1 129 
* 10
+1 2
cfi=(30)
cfn=(86)
calls=1 40 
* 80
+1 8
-19 7
-12 19
fi=(51)
42 3
fe=(50)
297 3

fn=(162)
141 16
+1 18
+2 160
+20 78
+2 142
+4 32
+1 32
-29 64
+32 3
-28 2
+6 1
+2 1
-1 1
-1 2
+1 1
-1 1
+2 3
+2 3
-3 1
+3 1
+2 2
+9 21

fn=(298)
326 4
-1 1
+3 2
cfi=(44)
cfn=(300)
calls=1 78 
* 5
+1 1
+2 2

fl=(30)
fn=(86)
40 12
+1 3
cfi=(13)
cfn=(28)
calls=3 +38 
* 84
* 3
+1 6
cfi=(19)
cfn=(46)
calls=3 +8 
* 54
* 3
+2 6
+4 3
-1 6
+1 6
-1 6
cfi=(20)
cfn=(48)
calls=3 +82 
* 38

fl=(46)
fn=(142)
27 12
+1 3

fl=(47)
fn=(144)
27 7
+4 1

fl=(11)
fn=(62)
45 4
+2 3
+40 3
cfi=(23)
cfn=(64)
calls=1 -9 
* 5
* 1
+15 1
-15 1
+20 1
-1 1
+3 12
+4 3
-2 6
+2 11
+2 2
+1 4
-3 8
+7 3
-1 3
+4 3
-2 3
+2 12
+9 5

fl=(32)
fn=(180)
332 1
+2 1
-2 2
+13 1
+1 2
cfi=(19)
cfn=(46)
calls=1 50 
* 18
* 1
+1 3
+8 2
-69 1
+69 2
+1 1
+4 297
+19 1
-94 2
+1 2
cfi=(19)
cfn=(42)
calls=1 92 
* 27
* 1
+1 2
+3 1
+6 2
+89 5

fn=(294)
437 8
+1 1
-1 1
+1 1
+4 1
+6 2
-6 1
+6 1
+12 1
-15 1
+39 1
-24 1
-16 2
+21 9
+6 15
+3 1
+1 2
+6 3
+3 1
-2 1
+6 1
-6 1
+2 1
+4 1
-4 2
+3 1
-3 1
+1 1
+2 1
+4 2
+1 4
+2 2
+1 2
+12 1
-3 1
+3 2
cfi=(20)
cfn=(74)
calls=1 116 
* 12
* 5
cfi=(28)
cfn=(76)
calls=1 109 
* 33
* 7
-42 2
+52 1
+4 3
+3 8

fn=(94)
113 2
+1 2

fn=(290)
887 4
+9 1
-3 2
+8 7
+41 1
+1 1
+1 4

fn=(178)
141 1
-6 5
+6 2
+3 2
+36 3
+2 4
-2 1
-2 1
-40 1
-1 1
-1 2
+69 2
+3 2
-3 5
+2 2
+10 1
-37 2
+25 1
-25 2
+5 1
-1 1
+5 2
-4 1
-1 2
+3 2
+2 3
-9 5
+93 1
-53 1
+1 1
+52 1
-1 1
+1 4

fn=(164)
51 4
+48 1
+4 1

ob=(3)
fl=(105) /build/glibc-CVJwZb/glibc-2.27/signal/../sysdeps/unix/sysv/linux/x86_64/sigaction.c
fn=(442) __libc_sigaction
47 35
+4 14
+3 8
-1 4
+1 8
-1 4
+2 4
-1 4
+1 4
+7 4
-7 4
-1 4
+1 4
+2 4
-3 4
+3 4
-3 40
+8 57
+3 20
+3 3
-1 3
+1 6
-1 3
+2 3
-1 6
+1 3
+1 3
-2 6
+2 3
-2 27
+5 35
-11 23

fl=(56)
fn=(248)
44 10
+4 4
-1 4
+12 4
+2 10

fn=(196)
44 15
+4 6
-1 6
+12 6
+2 15

fn=(222)
44 10
+4 4
-1 4
+12 4
+2 10

fl=(120) /build/glibc-CVJwZb/glibc-2.27/libio/strops.c
fn=(696) _IO_str_init_static_internal
36 16
+4 4
+6 10
cfi=(119) /build/glibc-CVJwZb/glibc-2.27/libio/genops.c
cfn=(698) _IO_setb
calls=2 347 
* 36
+5 2
-3 2
+1 2
+1 2
+1 2
+2 2
+1 2
+1 2
+9 2
+1 12
-23 2
+1 8

fl=(89) /build/glibc-CVJwZb/glibc-2.27/misc/init-misc.c
fn=(322) __init_misc
31 2
-1 3
+1 4
+2 3
cfi=(90) /build/glibc-CVJwZb/glibc-2.27/string/../sysdeps/x86_64/multiarch/strrchr-avx2.S
cfn=(326) __strrchr_avx2
calls=1 +10 
* 33
* 1
+4 5
+1 3
+2 4

fl=(66)
fn=(234)
32 2
-2 2
+2 4
-2 6
fi=(135) /build/glibc-CVJwZb/glibc-2.27/wcsmbs/../sysdeps/x86_64/multiarch/wcschr.c
+1 2
fe=(66)

fn=(220)
32 2
-2 2
+2 4
-2 6
fi=(136) /build/glibc-CVJwZb/glibc-2.27/wcsmbs/../sysdeps/x86_64/multiarch/wmemchr.c
+1 2
fe=(66)

fn=(268)
32 1
-2 1
+2 2
-2 3
fi=(137) /build/glibc-CVJwZb/glibc-2.27/wcsmbs/../sysdeps/x86_64/multiarch/wcslen.c
-1 1
fe=(66)

fl=(69)
fn=(228)
38 4
+1 3
+9 1

fl=(104) /build/glibc-CVJwZb/glibc-2.27/signal/../nptl/sigaction.c
fn=(440) sigaction
34 21
+6 7
cfi=(105)
cfn=(442)
calls=7 +7 
* 354

fl=(82)
fn=(286)
42 2
fi=(64) /build/glibc-CVJwZb/glibc-2.27/time/../sysdeps/generic/dl-hash.h
+2 1
+1 1
fe=(82)
-3 3
fi=(64)
+1 1
+5 3
+14 4
-17 3
+3 9
+14 12
-17 9
+22 1
fe=(82)
-25 6
cfi=(65) /build/glibc-CVJwZb/glibc-2.27/elf/../sysdeps/unix/sysv/linux/dl-vdso.c
cfn=(216) _dl_vdso_vsym
calls=1 -17 
* 17
* 5

fl=(91) /build/glibc-CVJwZb/glibc-2.27/ctype/ctype-info.c
fn=(328) __ctype_init
31 5
+2 1
+2 1
-4 1
+4 1
-4 1
+2 3
+2 2
+1 1

fl=(117) /build/glibc-CVJwZb/glibc-2.27/string/../sysdeps/x86_64/multiarch/strchr-avx2.S
fn=(632) __strchrnul_avx2
45 9
+2 9
+1 9
+1 9
+2 9
+1 9
+1 9
+4 6
+1 6
+1 6
+1 6
+1 6
+1 6
+1 6
+11 3
+1 3
+1 3
+1 3
+1 3
+1 3
+1 3
+2 3
+1 3
+1 3
+2 2
+1 2
+2 2
+7 2
+1 2
+4 1
+5 1
+1 1
+1 1
+1 1
+1 1
+1 1
+1 1
+72 7
+2 7
+7 7
+1 7

fl=(130) /build/glibc-CVJwZb/glibc-2.27/io/../sysdeps/unix/sysv/linux/fcntl.c
fn=(970) fcntl
52 8
+4 2
+6 2
-10 2
+4 8
+6 2
-15 8
+19 10
-31 4

fl=(71)
fn=(232)
42 5
+4 2
-1 4
+12 2
+2 5

fl=(107)
fn=(568) _int_malloc
3531 216
+32 36
-32 36
+32 324
+4 216
+24 72
+2 105
+3 35
+2 70
4141 324
3649 2
+83 36
-1 72
+1 36
-1 36
+1 72
-2 175
+6 105
+66 35
-40 70
3889 35
3741 35
+1 35
+20 70
+40 70
-60 70
-12 1
+6 3
+66 1
-40 2
3889 1
3741 1
+1 1
+20 2
+40 2
-60 2
-90 108
+2 36
-2 36
+2 72
+59 720
-62 468
3914 72
+73 72
+1 72
+1 72
+1 72
+1 72
+5 72
3730 2
3903 72
+97 108
+3 144
-3 108
+3 144
-3 72
+3 105
+97 36
+3 36
-2 72
+2 73
+17 3
1887 35
4113 35
1887 70
4135 3
cfn=(570) sysmalloc
calls=1 2274 
* 237
+1 1
-1 1
+1 1
1887 3
4105 35
+3 70
-3 35
+1 35
+2 105
+2 35
-2 70
-1 35
+1 70
+2 70

fn=(536)
3038 105
+5 70
+1 70
+5 238
+3 34
-2 102
+2 102
+3 68
+10 136
+2 102
cfn=(568)
calls=34 3531 
* 5712
+1 34
-1 34
+1 204
-19 136
+8 34
+1 102
+33 170
-46 1
+46 3
-46 1
cfi=(108) /build/glibc-CVJwZb/glibc-2.27/malloc/hooks.c
cfn=(538) malloc_hook_ini
calls=1 29 
* 63475

fn=(566) tcache_init.part.4
2996 1
-9 1
+9 9
+1 3
cfn=(568)
calls=1 3531 
* 389
+1 1
-1 1
+1 1
+8 4
+7 2
+2 1
+1 2
-1 1
+1 78
+3 2

fn=(570)
2274 8
+20 1
+11 1
-11 1
+11 1
+1 4
fi=(109) /build/glibc-CVJwZb/glibc-2.27/malloc/arena.c
535 1
fe=(107)
2321 2
fi=(109)
535 1
fe=(107)
2321 2
+66 1
+1 3
+10 1
-9 1
+9 3
+6 4
+3 3
2724 2
+1 1
+5 2
+3 2
+5 1
-3 1
+3 1
-2 1
+2 3
+1 1
-1 1
-1 1
+4 1
-3 2
+1 1
+2 1
+6 9
2460 3
+19 2
-11 1
+11 1
-11 1
+21 4
cfi=(114) /build/glibc-CVJwZb/glibc-2.27/malloc/morecore.c
cfn=(572) __default_morecore
calls=1 46 
* 61
* 1
+1 1
+3 3
+3 4
+1 2
+46 2
+2 2
+6 1
-6 1
+6 1
-82 1
+10 2
+8 1
-8 1
+8 1
+67 4
+34 2
+6 3
+22 2
+1 5
+2 1
-2 1
+2 1
+1 4
cfi=(114)
cfn=(572)
calls=1 46 
* 25
+12 3
+48 1
+1 1
-2 1
+1 2
+12 1
-12 1
+1 1
+11 1
2544 2
-3 3
+99 2
+1 4

fl=(100) /build/glibc-CVJwZb/glibc-2.27/setjmp/sigjmp.c
fn=(374) __sigjmp_save
29 4
-1 8
+1 8
+5 12

fl=(57)
fn=(272)
33 4
fi=(79) /build/glibc-CVJwZb/glibc-2.27/string/../sysdeps/x86_64/multiarch/stpncpy.c
-2 1
fe=(57)

fn=(244)
33 8
fi=(74) /build/glibc-CVJwZb/glibc-2.27/string/../sysdeps/x86_64/multiarch/strcpy.c
-4 2
fe=(57)

fn=(198)
33 4
fi=(58) /build/glibc-CVJwZb/glibc-2.27/string/../sysdeps/x86_64/multiarch/strncpy.c
-4 1
fe=(57)

fn=(206)
33 4
fi=(61) /build/glibc-CVJwZb/glibc-2.27/string/../sysdeps/x86_64/multiarch/strcat.c
-4 1
fe=(57)

fn=(276)
33 8
fi=(80) /build/glibc-CVJwZb/glibc-2.27/string/../sysdeps/x86_64/multiarch/stpcpy.c
* 2
fe=(57)

fl=(106) /build/glibc-CVJwZb/glibc-2.27/ctype/../include/ctype.h
fn=(484) __ctype_b_loc
38 716
+1 358

fl=(96) /build/glibc-CVJwZb/glibc-2.27/csu/../csu/libc-start.c
fn=(344) (below main)
137 8
+4 1
-4 2
+4 2
+98 1
-98 1
+98 1
+1 4
cfi=(97) /build/glibc-CVJwZb/glibc-2.27/stdlib/cxa_atexit.c
cfn=(346) __cxa_atexit
calls=1 65 
* 65
+22 4
+3 2
+1 5
cob=(5)
cfi=(95)
cfn=(350) 0x0000000000015a90
calls=1 0 
* 57
+4 4
+15 2
+12 2
cfi=(98) /build/glibc-CVJwZb/glibc-2.27/setjmp/../sysdeps/x86_64/bsd-_setjmp.S
cfn=(370) _setjmp
calls=1 30 
* 29
+1 2
+5 2
+1 2
+3 2
+3 6
cob=(5)
cfi=(95)
cfn=(376) 0x0000000000004850
calls=1 0 
* 99396

fl=(63)
fn=(212)
43 2
fi=(64)
+1 1
+1 1
fe=(63)
-2 4
fi=(64)
+5 3
+14 4
-17 3
+3 9
+14 12
-17 9
+22 1
fe=(63)
-24 6
cfi=(65)
cfn=(216)
calls=1 -18 
* 17
* 5

fl=(67)
fn=(224)
33 5
-1 2
+2 2
+1 3
fi=(68) /build/glibc-CVJwZb/glibc-2.27/string/../sysdeps/x86_64/multiarch/memcmp.c
-6 1
fe=(67)

fl=(92)
fn=(330)
84 4
+1 3
+1 3
+2 1

fl=(59)
fn=(262)
32 5
fi=(78) /build/glibc-CVJwZb/glibc-2.27/string/../sysdeps/x86_64/multiarch/strcasecmp_l.c
-1 1
fe=(59)

fn=(282)
32 5
fi=(81) /build/glibc-CVJwZb/glibc-2.27/string/../sysdeps/x86_64/multiarch/strncase_l.c
-1 1
fe=(59)

fn=(202)
32 10
fi=(60) /build/glibc-CVJwZb/glibc-2.27/string/../sysdeps/x86_64/multiarch/strcasecmp.c
-1 2
fe=(59)

fn=(240)
32 5
fi=(73) /build/glibc-CVJwZb/glibc-2.27/string/../sysdeps/x86_64/multiarch/strncase.c
-1 1
fe=(59)

fl=(123) /build/glibc-CVJwZb/glibc-2.27/string/../sysdeps/x86_64/multiarch/strlen-avx2.S
fn=(734) __strlen_avx2
55 3
+1 3
+1 3
+3 3
+1 3
+1 3
+3 2
+1 2
+1 2
+8 2
+19 1
+1 1
+1 1
+1 1
+2 1
+1 1
+1 1
+1 1
+6 1
+1 1
+1 1
+4 1
+1 1
335 2
+1 2
+1 2
+4 2
+1 2

fl=(118) /build/glibc-CVJwZb/glibc-2.27/debug/vsnprintf_chk.c
fn=(690) __vsnprintf_chk
31 20
+5 4
+11 8
-5 2
+5 8
+6 12
cfi=(119)
cfn=(692) _IO_no_init
calls=2 590 
* 94
+1 2
+5 2
-5 2
+1 2
+4 2
+1 2
+2 10
cfi=(120)
cfn=(696)
calls=2 -26 
* 106
+1 8
cfi=(121) /build/glibc-CVJwZb/glibc-2.27/stdio-common/vfprintf.c
cfn=(700) vfprintf
calls=2 1244 
* 910
+2 6
+1 4
+2 22

fl=(131) /build/glibc-CVJwZb/glibc-2.27/io/../sysdeps/unix/sysv/linux/close.c
fn=(978) close
27 8
+1 1

fl=(98)
fn=(370)
30 4
+2 4
cfi=(99) /build/glibc-CVJwZb/glibc-2.27/setjmp/../sysdeps/x86_64/setjmp.S
cfn=(372) __sigsetjmp
calls=4 -6 
* 108

fl=(119)
fn=(694) _IO_old_init
561 2
-2 2
+1 2
-1 2
+2 4
+16 2
-14 2
+1 2
+13 2
+5 2
-17 2
+1 2
+1 2
+1 2
+14 2
-13 2
+1 2
+1 2
+2 2
+1 2
+1 2
+1 2
+6 2
+3 2

fn=(704) _IO_default_xsputn
392 12
-3 10
fi=(138) /build/glibc-CVJwZb/glibc-2.27/libio/libioP.h
870 2
fe=(119)
389 2
fi=(138)
870 2
fe=(119)
389 10
fi=(138)
870 4
fe=(119)
407 4
+8 2
+2 4
-20 8
+2 6
+3 4
+20 2
-29 2
+29 22
-15 2
+5 6
-1 4
+1 12
-1 8
+2 8

fn=(692)
590 18
+1 2
cfn=(694)
calls=2 -30 
* 50
+2 2
-1 2
+1 2
+21 2
+1 12
-2 4

fn=(698)
347 6
+1 8
+3 2
+2 8
-3 2
+3 4
+3 6

fl=(129) /build/glibc-CVJwZb/glibc-2.27/io/../sysdeps/unix/sysv/linux/open64.c
fn=(958) open
36 1
+3 1
-3 3
+3 1
-3 1
+3 5
+8 11
+2 5

fl=(76)
fn=(252)
32 4
-2 2
+2 4
-2 4
+5 2
-1 8
fi=(139) /build/glibc-CVJwZb/glibc-2.27/wcsmbs/../sysdeps/x86_64/multiarch/wmemset.c
-3 2
fe=(76)

fl=(97)
fn=(346)
65 7
-26 2
+26 1
-26 5
+1 2
cfn=(348) __new_exitfn
calls=1 +44 
* 29
+2 2
+7 2
+3 1
-1 1
+2 1
+1 1
+1 4
+1 1
+11 6

fn=(348)
84 2
-6 2
+1 2
-1 1
+11 5
+2 3
-2 1
+10 2
-10 2
+45 1
+1 1
+4 4
-19 1
+1 2

fl=(99)
fn=(372)
26 4
+9 4
+1 8
+1 4
+4 4
+1 4
+1 4
+1 4
+1 4
+2 8
+2 4
+1 4
+1 4
+2 8
+2 4
+8 4
cfi=(100)
cfn=(374)
calls=4 -34 
* 32

fl=(122) /build/glibc-CVJwZb/glibc-2.27/stdio-common/_itoa.c
fn=(706) _itoa_word
168 8
+2 4
+9 76
+9 4

fl=(83)
fn=(292)
44 6

fl=(115) /build/glibc-CVJwZb/glibc-2.27/misc/sbrk.c
fn=(574) sbrk
32 2
+8 2
-8 6
+8 9
+1 2
cfi=(116) /build/glibc-CVJwZb/glibc-2.27/misc/../sysdeps/unix/sysv/linux/x86_64/brk.c
cfn=(576) brk
calls=1 -10 
* 12
* 3
+3 4
+4 6
+12 5
-4 2
cfi=(116)
cfn=(576)
calls=1 -25 
* 12
* 2
+4 5

fl=(72)
fn=(270)
30 10
fi=(140) /build/glibc-CVJwZb/glibc-2.27/string/../sysdeps/x86_64/multiarch/strspn.c
-1 2
fe=(72)

fn=(254)
30 10
fi=(141) /build/glibc-CVJwZb/glibc-2.27/string/../sysdeps/x86_64/multiarch/strpbrk.c
-1 2
fe=(72)

fn=(238)
30 10
fi=(142) /build/glibc-CVJwZb/glibc-2.27/string/../sysdeps/x86_64/multiarch/strcspn.c
-1 2
fe=(72)

fl=(128) /build/glibc-CVJwZb/glibc-2.27/string/strdup.c
fn=(878) strdup
40 4
+1 1
cfi=(123)
cfn=(734)
calls=1 +14 
* 15
* 1
* 1
+1 2
cob=(2)
cfi=(18)
cfn=(882)
calls=1 -42 
* 220
+2 2
+4 1
-1 2
+1 2
-1 2
cfi=(124) /build/glibc-CVJwZb/glibc-2.27/string/../sysdeps/x86_64/multiarch/memmove-vec-unaligned-erms.S
cfn=(744) __memcpy_avx_unaligned_erms
calls=1 221 
* 10
* 1

fl=(116)
fn=(576)
31 16
+8 2
-6 4
+7 2

fl=(124)
fn=(742) __mempcpy_avx_unaligned_erms
208 4
+1 4
+1 4
+17 4
+1 4
+44 4
+1 4
+2 3
+1 3
+1 3
+1 3
+1 2
+1 2
+1 1
+1 1
+1 1
+2 1
+14 1
+1 1
+1 1
+1 1
+1 1
+11 1
+1 1
+1 1
+1 1
+1 1
+3 1
+1 1
+1 1
+1 1
+1 1

fn=(744)
221 1
+6 1
+1 1
+44 1
+1 1
+26 1
+1 1
+1 1
+1 1
+1 1

fl=(86)
fn=(316)
52 8
+3 3
+14 1
fi=(87) /build/glibc-CVJwZb/glibc-2.27/csu/../sysdeps/generic/dl-hash.h
-25 1
fe=(86)
+23 1
+1 1
fi=(87)
-23 1
fe=(86)
+24 1
fi=(88) /build/glibc-CVJwZb/glibc-2.27/csu/../sysdeps/unix/sysv/linux/x86_64/init-first.c
-33 4
fi=(87)
+7 1
+5 3
+14 4
-17 3
+3 9
+14 12
-17 9
+22 1
fi=(88)
-31 2
+2 2
-2 1
+2 2
cfi=(65)
cfn=(216)
calls=1 -13 
* 17
+2 1
+4 1
-4 1
+4 1
-4 1
+1 2
+1 1
+2 1
cfi=(65)
cfn=(216)
calls=1 -19 
* 17
fe=(86)
+37 3
fi=(88)
-36 2
+1 1
fe=(86)
+35 1
cfi=(89)
cfn=(322)
calls=1 -50 
* 58
+3 1
cfi=(91)
cfn=(328)
calls=1 -53 
* 16
+5 6
-27 1
-7 1
+7 4

fl=(70)
fn=(230)
38 8
+9 2

fl=(77)
fn=(256)
40 4
-2 2
+2 4
-2 4
+11 2

fl=(133) /build/glibc-CVJwZb/glibc-2.27/posix/../sysdeps/unix/sysv/linux/_exit.c
fn=(1202) _Exit
27 2
+4 1
+2 2

fl=(93)
fn=(332)
488 7
+14 6
758 2
+2 1
+1 1
+2 1
-3 1
+5 1
-5 1
+4 3
+4 2
+3 2
+2 1
+1 1
+2 1
-3 1
+5 1
-5 1
+4 3
+9 1
+2 8
-2 1
+3 8
500 1
+4 1
-4 1
+4 1
cfn=(334) handle_intel.constprop.1
calls=1 259 
* 469
+2 1
-2 1
+2 1
cfn=(334)
calls=1 259 
* 515
+5 1
-5 1
+5 1
cfn=(334)
calls=1 259 
* 542
+8 1
-8 1
+8 1
+11 1
-20 1
+25 3
+4 2
+8 6
+3 2
+9 6
+14 2
+4 1
+3 1
+1 1
-4 1
+3 1
-3 1
+3 1
+6 8
-39 3
+3 9
+6 6
-6 3
+6 2
+3 20
+5 2
+4 1
+1 1
-1 3
691 4
+1 5
+4 2
+59 2
592 2
+8 1
+2 1
-2 6
+2 4
-2 1
+4 1
+23 2
-25 2
+2 6
+2 6
+3 2
+1 8
+2 4
+3 2
+5 1
+2 2
+1 1
-1 1
+2 1
-2 1
+1 2
+27 2
+1 1
+1 2
+2 1
-1 1
+1 1
-24 3
+4 2
+3 1
+2 4
+1 1
+5 2

fn=(336) intel_check_word.isra.0
132 12
+6 6
-10 18
+10 6
-10 6
+10 6
-10 6
+10 12
-10 6
+10 6
+2 6
-2 6
+2 18
250 12
140 24
+2 15
+2 30
+8 30
+51 24
+22 12
fi=(94) /build/glibc-CVJwZb/glibc-2.27/string/../bits/stdlib-bsearch.h
28 12
-1 24
+4 24
+1 12
fe=(93)
+87 24
fi=(94)
-88 138
+1 69
fe=(93)
+87 138
+3 81
fi=(94)
-93 252
+8 15
-8 36
fe=(93)
134 3
255 36
-91 9
+3 9
-6 13
+3 4
+9 4
+5 14
+1 10
+17 5
-32 15
+3 15
+4 14
+2 28
+2 14
+2 8
+4 3
+2 6
+2 3
+2 3
-2 3
+2 6
-2 3
+3 9
-2 12
+2 6
-24 2
+7 2
+2 4

fn=(334)
259 21
+2 3
-2 9
+5 9
+8 3
+1 3
-3 3
+5 12
+6 6
+5 3
-5 9
+5 3
+2 3
+1 3
-1 3
+5 18
cfn=(336)
calls=3 132 
* 1035
+2 6
+3 21
cfn=(336)
calls=3 132 
* 314
+2 6
+19 33

fl=(126) /build/glibc-CVJwZb/glibc-2.27/stdlib/../stdlib/strtol_l.c
fn=(764) ____strtol_l_internal
226 2
+48 1
-48 5
+47 1
-47 2
+26 2
+31 4
525 8
292 6
+2 2
+5 2
+5 1
-6 1
+6 1
+4 2
+10 2
+7 2
434 1
-56 1
+56 3
+16 1
+10 1
+1 1
-84 1
-1 1
+96 1
-22 2
+17 1
+5 1
+1 3
-41 2
+2 4
+2 3
+28 3
+3 2
+11 2
+5 2
+1 1
+5 2
328 5
-82 2
492 3
-2 2

fl=(102) /build/glibc-CVJwZb/glibc-2.27/posix/../sysdeps/unix/syscall-template.S
fn=(404) getpid
59 2
+1 1

fn=(804) getppid
59 2
+1 1

fn=(468) geteuid
59 4
+1 2

fn=(1016) getegid
59 2
+1 1

fn=(392) getgid
59 2
+1 1

fn=(386) getuid
59 2
+1 1

fl=(75)
fn=(250)
40 1
-2 1
+2 2
-2 2
+11 1

fl=(114)
fn=(572)
46 2
+1 2
cfi=(115)
cfn=(574)
calls=2 -15 
* 72
+2 6
+3 4

fl=(110) /build/glibc-CVJwZb/glibc-2.27/elf/dl-addr.c
fn=(542) _dl_addr
126 9
+2 1
-2 1
+5 1
-5 1
+5 2
cob=(1)
cfi=(2)
cfn=(52)
calls=1 784 
* 2
+2 2
cob=(1)
cfi=(111)
cfn=(550)
calls=1 -62 
* 1102
* 5
+2 3
30 1
+1 1
-1 1
+1 1
+3 2
+5 1
+6 1
-7 1
+2 3
+2 3
+3 1
+5 7
-6 2
+6 4043
+2 1010
+1 2020
-1 1
+1 2
+2 3664
+9 2061
+7 28
-2 28
+2 2356
-2 2300
+2 6012
-10 11640
+2 9312
+1 14836
+36 2
+1 1
+1 3
+3 2
+36 2
cob=(1)
cfi=(2)
cfn=(54)
calls=1 790 
* 2
+3 9
-27 1
+1 1
+20 2

fl=(132) /build/glibc-CVJwZb/glibc-2.27/io/../sysdeps/unix/sysv/linux/read.c
fn=(1120) read
27 8
+1 1

fl=(62)
fn=(258)
32 2
-2 2
+2 4
-2 6
fi=(143) /build/glibc-CVJwZb/glibc-2.27/string/../sysdeps/x86_64/multiarch/strlen.c
-1 2
fe=(62)

fn=(280)
32 2
-2 2
+2 4
-2 6
fi=(144) /build/glibc-CVJwZb/glibc-2.27/string/../sysdeps/x86_64/multiarch/strchrnul.c
+1 2
fe=(62)

fn=(236)
32 2
-2 2
+2 4
-2 6
fi=(145) /build/glibc-CVJwZb/glibc-2.27/string/../sysdeps/x86_64/multiarch/strnlen.c
+1 2
fe=(62)

fn=(260)
32 1
-2 1
+2 2
-2 3
fi=(146) /build/glibc-CVJwZb/glibc-2.27/string/../sysdeps/x86_64/multiarch/memrchr.c
-1 1
fe=(62)

fn=(218)
32 1
-2 1
+2 2
-2 3
fi=(147) /build/glibc-CVJwZb/glibc-2.27/string/../sysdeps/x86_64/multiarch/rawmemchr.c
+1 1
fe=(62)

fn=(210)
32 1
-2 1
+2 2
-2 3
fi=(148) /build/glibc-CVJwZb/glibc-2.27/string/../sysdeps/x86_64/multiarch/strrchr.c
-2 1
fe=(62)

fn=(266)
32 1
-2 1
+2 2
-2 3
fi=(149) /build/glibc-CVJwZb/glibc-2.27/string/../sysdeps/x86_64/multiarch/memchr.c
-1 1
fe=(62)

fl=(103) /build/glibc-CVJwZb/glibc-2.27/signal/../signal/sigfillset.c
fn=(434) sigfillset
26 8
+6 4
+8 4
-8 4
+8 4
+3 4
-11 28
+12 4

fl=(109)
fn=(540) ptmalloc_init.part.0
289 2
+5 1
-5 3
+13 2
+6 1
fi=(107)
1816 2
fe=(109)
308 12
fi=(107)
1816 13
+1 1
-1 3
+1 11
-1 390
+1 30
-1 90
+1 331
fe=(109)
313 1
fi=(107)
1825 1
fe=(109)
313 4
fi=(107)
1817 7
+11 1
-11 4
+9 1
fe=(109)
313 1
fi=(107)
1828 1
fe=(109)
313 1
cob=(1)
cfi=(111)
cfn=(550)
calls=1 71 
* 1079
* 5
+1 4
cob=(1)
cfi=(9)
cfn=(26)
calls=1 +59 
* 18
* 1
+1 4
cob=(1)
cfi=(9)
cfn=(26)
calls=1 +58 
* 19
* 1
+1 4
cob=(1)
cfi=(9)
cfn=(26)
calls=1 +57 
* 18
* 1
+1 4
cob=(1)
cfi=(9)
cfn=(26)
calls=1 +56 
* 18
* 1
+1 4
cob=(1)
cfi=(9)
cfn=(26)
calls=1 +55 
* 19
* 1
+1 4
cob=(1)
cfi=(9)
cfn=(26)
calls=1 +54 
* 18
* 1
+1 4
cob=(1)
cfi=(9)
cfn=(26)
calls=1 +53 
* 18
* 1
+2 4
cob=(1)
cfi=(9)
cfn=(26)
calls=1 +51 
* 18
* 1
+1 4
cob=(1)
cfi=(9)
cfn=(26)
calls=1 +50 
* 18
* 1
+1 4
cob=(1)
cfi=(9)
cfn=(26)
calls=1 +49 
* 18
* 1
+71 2
+1 2
+4 2
-1 1
+1 4
-97 5
cfi=(110)
cfn=(542)
calls=1 126 
* 60492
* 2
+1 4

fl=(125) /build/glibc-CVJwZb/glibc-2.27/stdlib/../stdlib/strtol.c
fn=(762) __strtol_internal
98 3
cfi=(126)
cfn=(764)
calls=1 226 
* 95

fl=(121)
fn=(700)
1244 28
+31 6
+8 6
+4 10
+11 8
+11 2
fi=(150) /build/glibc-CVJwZb/glibc-2.27/stdio-common/printf-parse.h
108 4
fe=(121)
1309 6
fi=(150)
108 2
cfi=(117)
cfn=(632)
calls=2 -63 
* 36
* 2
fe=(121)
1324 2
fi=(150)
108 2
fe=(121)
1324 4
+4 2
fi=(151) /build/glibc-CVJwZb/glibc-2.27/stdio-common/../libio/libioP.h
870 6
+2 2
-2 2
+2 2
-2 2
+3 4
fe=(121)
1328 12
cfi=(119)
cfn=(704)
calls=2 392 
* 8
* 4
1696 4
+1 6
+3 24
1283 4
+45 4
+4 6
+4 16
-57 2
+34 2
-8 2
-59 4
1378 30
-3 2
-5 2
-4 2
-1 2
-1 2
-1 2
-1 2
-1 2
-1 2
+15 2
-16 2
-1 2
-1 2
+14 2
-4 2
+8 2
-1 4
1660 2
+2 4
+8 2
fi=(150)
108 8
cfi=(117)
cfn=(632)
calls=2 -63 
* 36
* 2
fe=(121)
1674 2
fi=(150)
108 2
fe=(121)
1674 6
fi=(151)
872 6
+1 4
fe=(121)
1674 14
cfi=(119)
cfn=(704)
calls=2 392 
* 8
* 14
+2 2
-2 2
+2 6
-34 24
cfi=(122)
cfn=(706)
calls=2 168 
* 92
* 52
-27 22
-1 2
+1 12
+27 68
fi=(151)
872 6
+1 4
fe=(121)
1642 10
cfi=(119)
cfn=(704)
calls=2 392 
* 120
* 40
+1 6
-1 30

fl=(65)
fn=(216)
25 20
+1 8
+4 8
+18 24
-21 4
+20 4

fl=(108)
fn=(538)
29 5
fi=(109)
291 1
fe=(108)
30 1
fi=(109)
291 1
fe=(108)
30 1
fi=(109)
291 1
fi=(107)
3049 7
+3 1
-2 2
+2 3
+13 4
+2 3
cfn=(568)
calls=1 3531 
* 168
+1 1
-1 1
+1 6
-19 4
-56 5
cfn=(566)
calls=1 +3 
* 496
+62 3
+2 5
+1 3
fe=(108)
33 6
cfi=(109)
cfn=(540)
calls=1 289 
* 62744
* 1
fi=(107)
3044 2
fe=(108)

fl=(127) /build/glibc-CVJwZb/glibc-2.27/io/../sysdeps/unix/sysv/linux/wordsize-64/xstat.c
fn=(848) _xstat
34 2
-1 2
+1 2
+1 12
+4 2

fl=(90)
fn=(326)
43 1
+1 1
+2 1
+1 1
+3 1
+1 1
+1 1
+33 1
+1 1
+1 1
+1 1
+1 1
+1 1
+1 1
+1 1
+1 1
+1 1
+3 1
+1 1
+9 1
+1 1
+99 1
+1 1
+8 1
+1 1
+1 1
+1 1
+1 1
+2 1
+1 1
+1 1
+1 1
+1 1

fl=(101) /build/glibc-CVJwZb/glibc-2.27/csu/errno-loc.c
fn=(380) __errno_location
26 4
+1 2

ob=(5)
fl=(95)
fn=(410) 0x00000000000122a0
0 85
cob=(3)
cfi=(103)
cfn=(434)
calls=1 26 
0 15
0 1
0 8
cob=(3)
cfi=(103)
cfn=(434)
calls=2 26 
0 30
0 2
0 12
cob=(3)
cfi=(104)
cfn=(440)
calls=3 34 
0 165
0 3
0 40
cob=(3)
cfi=(104)
cfn=(440)
calls=2 34 
0 108
0 2
0 60

fn=(1052) 0x000000000000c4f0
0 3

fn=(350)
0 15
cob=(2)
cfi=(18)
cfn=(352)
calls=1 0 
0 6
0 8
cfn=(360) 0x0000000000004b20
calls=1 0 
0 17
0 11

fn=(686) 0x0000000000012930
0 14
cob=(3)
cfi=(118)
cfn=(690)
calls=2 31 
0 1226
0 2
0 14

fn=(874) 0x000000000000d890
0 2
cob=(3)
cfi=(128)
cfn=(878)
calls=1 40 
0 264
0 1
0 4

fn=(532) 0x000000000000d850
0 68
cob=(3)
cfi=(107)
cfn=(536)
calls=34 3038 
0 70714
0 34
0 136

fn=(754) 0x000000000000e870
0 4
cfn=(756) 0x000000000000e7b0
calls=1 0 
0 154
0 4

fn=(1004) 0x0000000000011a30
0 7
cob=(3)
cfi=(102)
cfn=(468)
calls=1 59 
0 3
0 1
0 4
cob=(3)
cfi=(102)
cfn=(1016)
calls=1 59 
0 3
0 1
0 4

fn=(1024) 0x00000000000125f0
0 31
cob=(3)
cfi=(103)
cfn=(434)
calls=1 26 
0 15
0 1
0 4
cob=(3)
cfi=(104)
cfn=(440)
calls=1 34 
0 55
0 1
0 15
cob=(3)
cfi=(104)
cfn=(440)
calls=1 34 
0 54
0 1
0 26
cfn=(410)
calls=1 0 
0 199
0 2
cfn=(410)
calls=1 0 
0 196
0 3

fn=(1182) 0x0000000000012640
0 8
cob=(3)
cfi=(98)
cfn=(370)
calls=1 30 
0 29
0 1
0 4
cob=(3)
cfi=(98)
cfn=(370)
calls=1 30 
0 29
0 1
0 4
cfn=(1052)
calls=1 0 
0 3
0 1
cfn=(1196) 0x0000000000012b00
calls=1 0 
0 7
0 2
cob=(3)
cfi=(133)
cfn=(1202)
calls=1 27 
0 5
0 1
0 5

fn=(636) 0x0000000000008a50
0 11972
cfn=(658) 0x0000000000007c50
calls=1 0 
0 238
0 9

fn=(906) 0x000000000000d9f0
0 64

fn=(914) 0x000000000000ee80
0 95
cfn=(922) 0x000000000000eb60
calls=1 0 
0 37
0 133
cfn=(1002) 0x000000000000ea60
calls=1 0 
0 637
0 13
cfn=(954) 0x000000000000b2e0
calls=1 0 
0 154
0 3

fn=(1094) 0x000000000000f970
0 10
cfn=(1100) 0x000000000000b020
calls=1 0 
0 55
0 11

fn=(1100)
0 15
cfn=(1108) 0x0000000000012ac0
calls=1 0 
0 5
0 16
cob=(3)
cfi=(132)
cfn=(1120)
calls=1 27 
0 9
0 1
0 9

fn=(478) 0x000000000000f860
0 271
cob=(3)
cfi=(106)
cfn=(484)
calls=33 38 
0 99
0 33
0 2674
cob=(3)
cfi=(106)
cfn=(484)
calls=324 38 
0 972
0 324
0 1142

fn=(520) 0x00000000000145f0
0 711

fn=(680) 0x0000000000014a90
0 17
cfn=(682) 0x0000000000012990
calls=1 0 
0 616
0 4
cfn=(720) 0x0000000000014980
calls=1 0 
0 853
0 10

fn=(720)
0 11
cfn=(478)
calls=1 0 
0 97
0 4
cob=(3)
cfi=(117)
cfn=(632)
calls=1 45 
0 18
0 1
0 9
cob=(3)
cfi=(123)
cfn=(734)
calls=1 55 
0 19
0 1
0 4
cfn=(532)
calls=1 0 
0 226
0 5
cob=(3)
cfi=(124)
cfn=(742)
calls=1 208 
0 16
0 1
0 7
cob=(3)
cfi=(124)
cfn=(742)
calls=1 208 
0 17
0 1
0 5
cfn=(506) 0x0000000000014790
calls=1 0 
0 398
0 13

fn=(752) 0x000000000000f220
0 2
cfn=(754)
calls=1 0 
0 162
0 7

fn=(756)
0 11
cob=(3)
cfi=(101)
cfn=(380)
calls=1 26 
0 3
0 1
0 7
cob=(3)
cfi=(125)
cfn=(762)
calls=1 98 
0 98
0 1
0 10
cob=(3)
cfi=(106)
cfn=(484)
calls=1 38 
0 3
0 1
0 19

fn=(812) 0x0000000000014b70
0 45
cfn=(520)
calls=1 0 
0 52
0 8
cob=(3)
cfi=(117)
cfn=(632)
calls=1 45 
0 29
0 1
0 3

fn=(922)
0 37

fn=(1076) 0x000000000000d520
0 22
cfn=(906)
calls=1 0 
0 32
0 7
cfn=(1084) 0x00000000000119a0
calls=1 0 
0 111
0 19
cfn=(1162) 0x000000000000d340
calls=1 0 
0 7
0 6

fn=(342)
0 11
cob=(3)
cfi=(96)
cfn=(344)
calls=1 137 
0 99600

fn=(360)
0 17

fn=(450) 0x0000000000014690
0 451
cob=(3)
cfi=(102)
cfn=(468)
calls=1 59 
0 3
0 1
0 6

fn=(658)
0 238

fn=(682)
0 34
cfn=(686)
calls=2 0 
0 1256
0 10

fn=(864) 0x0000000000005980
0 20
cfn=(874)
calls=1 0 
0 271
0 29
cfn=(478)
calls=1 0 
0 55
0 4
cob=(3)
cfi=(117)
cfn=(632)
calls=1 45 
0 18
0 1
0 9
cob=(3)
cfi=(123)
cfn=(734)
calls=1 55 
0 15
0 1
0 4
cfn=(532)
calls=1 0 
0 226
0 5
cob=(3)
cfi=(124)
cfn=(742)
calls=1 208 
0 18
0 1
0 7
cob=(3)
cfi=(124)
cfn=(742)
calls=1 208 
0 12
0 1
0 5
cfn=(506)
calls=1 0 
0 142
0 13

fn=(954)
0 9
cob=(3)
cfi=(129)
cfn=(958)
calls=1 36 
0 28
0 1
0 26
cfn=(966) 0x0000000000011b60
calls=1 0 
0 87
0 3

fn=(1088) 0x000000000000fbf0
0 9
cfn=(1094)
calls=1 0 
0 76
0 14

fn=(1162)
0 7

fn=(408) 0x0000000000015440
0 11
cfn=(410)
calls=1 0 
0 136
0 1
cfn=(450)
calls=1 0 
0 461
0 6
cfn=(478)
calls=1 0 
0 135
0 31
cfn=(478)
calls=31 0 
0 5228
0 292
cfn=(680)
calls=1 0 
0 1500
0 1
cob=(3)
cfi=(102)
cfn=(804)
calls=1 59 
0 3
0 1
0 6
cfn=(682)
calls=1 0 
0 684
0 3
cfn=(506)
calls=1 0 
0 356
0 2
cfn=(812)
calls=1 0 
0 138
0 8
cfn=(864)
calls=1 0 
0 857
0 70
cfn=(506)
calls=32 0 
0 87877
0 36
cob=(3)
cfi=(127)
cfn=(848)
calls=1 34 
0 10
0 1
0 6
cob=(3)
cfi=(127)
cfn=(848)
calls=1 34 
0 10
0 1
0 9

fn=(506)
0 4094
cfn=(520)
calls=35 0 
0 659
0 174
cob=(3)
cfi=(117)
cfn=(632)
calls=2 45 
0 44
0 2
0 4
cfn=(752)
calls=1 0 
0 171
cfn=(636)
calls=1 0 
0 12219
0 682
cfn=(532)
calls=32 0 
0 70500
0 224

fn=(1108)
0 5

fn=(376)
0 8
cob=(3)
cfi=(101)
cfn=(380)
calls=1 26 
0 3
0 1
0 2
cob=(3)
cfi=(102)
cfn=(386)
calls=1 59 
0 3
0 1
0 2
cob=(3)
cfi=(102)
cfn=(392)
calls=1 59 
0 3
0 1
0 4
cob=(3)
cfi=(98)
cfn=(370)
calls=1 30 
0 29
0 1
0 5
cob=(3)
cfi=(102)
cfn=(404)
calls=1 59 
0 3
0 1
0 2
cfn=(408)
calls=1 0 
0 97880
0 2
cfn=(906)
calls=1 0 
0 32
0 3
cfn=(914)
calls=1 0 
0 1072
0 7
cfn=(1064) 0x000000000000da40
calls=1 0 
0 19
0 5
cfn=(1182)
calls=1 0 
0 100
0 2
cfn=(1076)
calls=1 0 
0 204
0 1

fn=(1002)
0 6
cfn=(1004)
calls=1 0 
0 23
0 2
cfn=(1024)
calls=1 0 
0 603
0 3

fn=(1064)
0 19

fn=(1196)
0 7

fn=(966)
0 11
cob=(3)
cfi=(130)
cfn=(970)
calls=1 52 
0 23
0 1
0 8
cob=(3)
cfi=(130)
cfn=(970)
calls=1 52 
0 23
0 1
0 9
cob=(3)
cfi=(131)
cfn=(978)
calls=1 27 
0 9
0 1
0 1

fn=(1084)
0 7
cfn=(1088)
calls=1 0 
0 99
0 5

totals: 277520
